3.347315451
1.133093632
2.681463042
0.742427645
0.863152594
0.830821
1.898234135
1.551704173
1.861111964
4.860163486
6.16502299
7.516399155
3.903436889
4.312358137
5.207024579
4.212173602
4.172040371
6.305727343
3.56974396
2.55461766
2.985325422
2.432449794
2.178113094
2.454537044
2.98187455
2.602356883
2.571121757
2.262974897
1.947432168
3.711572155
0.48876654
0.922695595
1.224414564
1.34193754
1.239967066
2.57260258
3.631155759
2.19523986
2.898576074
2.039531852
1.841634303
2.057876419
2.754428468
2.34155504
2.384024989
3.737698225
4.560237857
6.069913988
2.514943777
2.943457054
2.332084551
0.869981602
2.680753842
0.065648442
0.400208231
3.722251683
1.728974532
2.810477305
1.509060373
1.424973947
3.583586795
2.467354813
2.96316228
2.337785555
2.094219159
3.347314172
1.133094448
2.682044024
0.742425876
0.86317556
0.830820456
1.898227469
1.551704091
1.861674307
4.860161254
6.165022691
7.516697061
3.903437107
4.312810357
5.207025422
4.212171997
4.172031581
6.306168298
3.569741158
2.554620871
2.985317776
2.432442283
2.178093692
2.454535738
2.981880591
2.60235204
2.571125022
2.262974298
1.947432549
3.711781544
0.488763166
0.922987542
1.224413503
1.341928832
1.23995561
2.57303684
3.631140521
2.195241847
2.898286032
2.039535199
1.841625187
2.057876365
2.754420604
2.341551367
2.384022159
3.737697355
4.560238592
6.070132138
2.514943478
2.943863668
2.332084251
0.869981629
2.681143531
0.065645503
0.400358654
3.72224869
1.728973852
2.810841987
1.509059964
1.424973185
3.583611149
2.467354132
2.963161981
2.33779048
2.094213826
3.347314172
1.133094448
2.682044024
0.742425876
0.86317556
0.830820456
1.898227469
1.551704091
1.861674307
4.860161254
6.165022691
7.516697061
3.903437107
4.312810357
5.207025422
4.212171997
4.172031581
6.306168134
3.569741158
2.554620871
2.985317776
2.432442283
2.178093692
2.454535738
2.981880591
2.60235204
2.571125022
2.262974216
1.947432549
3.711781544
0.488763166
0.922987542
1.224413503
1.341928832
1.23995561
2.57303684
3.631140521
2.195241847
2.898286032
2.039535199
1.841625187
2.057876365
2.754420604
2.341551367
2.384022159
3.737697355
4.560238592
6.070132138
2.514943478
2.943863668
2.332084306
0.869981629
2.681143531
0.065645503
0.400358654
3.72224869
1.728973852
2.810841987
1.509059964
1.424973185
3.583616346
2.467354132
2.963161981
2.33779048
2.094213826
3.310218041
1.06866914
2.790211178
0.677261463
0.902273767
0.766612891
1.834070951
1.513545916
1.980181286
4.828422425
6.116745615
7.644243291
3.850434596
4.401436475
5.156219955
4.165516887
4.158901267
6.429296413
3.538029241
2.509221494
2.92104934
2.386105515
2.131634039
2.408351433
2.936305187
2.563779141
2.534402717
2.225195307
1.888655945
3.795473573
0.427142468
0.995694082
1.164455235
1.285237952
1.213596205
2.670038994
3.601447524
2.143624022
2.992525807
1.987502515
1.815866357
2.005962757
2.703035406
2.302181893
2.441104579
3.703840068
4.508195269
6.181024854
2.45893143
3.027217247
2.291992299
0.806201331
2.760164601
0
0.460967918
3.694041251
1.670138635
2.949057567
1.450090462
1.429878485
3.552263941
2.420387021
2.941610624
2.290087474
2.052212667
3.313425375
1.075030746
2.775316366
0.68334685
0.898626105
0.772865053
1.83983552
1.516776678
1.963643094
4.831506221
6.122100332
7.626079159
3.85585168
4.388478324
5.161738046
4.170028797
4.160493029
6.410652606
3.539971399
2.513021483
2.93031278
2.389750565
2.13438567
2.412114034
2.939598099
2.566063151
2.538876532
2.228814479
1.894971292
3.783662829
0.433304427
0.985790176
1.17078152
1.29068203
1.216562558
2.655608946
3.603327777
2.14821547
2.98983902
1.991821418
1.817784433
2.010473442
2.706943804
2.304679019
2.440208003
3.707124299
4.513936898
6.165183644
2.464618502
3.015245495
2.295730165
0.812785169
2.749439739
0.006395456
0.453652894
3.696015028
1.675662441
2.930630605
1.455274239
1.429975003
3.554240765
2.424355936
2.950557574
2.293853286
2.054797685
3.312805916
1.073386521
2.783877219
0.682101266
0.900580426
0.771298489
1.839178347
1.515874388
1.973879627
4.8304774
6.120553278
7.634545998
3.85453864
4.396963694
5.160187536
4.169079161
4.159669162
6.420968677
3.53984035
2.512042486
2.933112085
2.388979976
2.135263442
2.411223064
2.939076409
2.566150961
2.540759288
2.227889877
1.893408482
3.78875866
0.43210785
0.992189142
1.169259799
1.289970244
1.215154443
2.663526531
3.603060701
2.146994131
2.990377117
1.990872026
1.817899672
2.009320023
2.706368318
2.304606529
2.440033118
3.706102798
4.512370824
6.172005823
2.463343993
3.023052304
2.294960039
0.811192454
2.754864307
0.005199696
0.458186083
3.695534509
1.674163931
2.942003007
1.454146153
1.429951683
3.554034071
2.42338766
2.949133568
2.293071814
2.055486151
3.312805916
1.073386521
2.783877192
0.682101266
0.900580426
0.771298489
1.839178347
1.515874388
1.973879627
4.8304774
6.120553278
7.634545998
3.85453864
4.396963694
5.160187482
4.169079161
4.159669162
6.420968677
3.53984035
2.512042486
2.933112085
2.388979976
2.135263442
2.411223064
2.939076409
2.566150961
2.540759533
2.227889877
1.893408482
3.78875866
0.43210785
0.992189142
1.169259799
1.289970244
1.215154443
2.663526422
3.603060701
2.146994131
2.990377117
1.990872026
1.817899672
2.009320023
2.706368318
2.304606529
2.440032955
3.706102744
4.512370824
6.172005823
2.463343993
3.023052304
2.294960039
0.811192454
2.754864307
0.005199696
0.458186083
3.695534454
1.674163931
2.942002952
1.454146153
1.429951683
3.554032302
2.42338766
2.949134302
2.293071814
2.055486151
3.313425375
1.075030746
2.775316421
0.68334685
0.898626105
0.772865053
1.83983552
1.516776678
1.963643094
4.831506194
6.122100332
7.626079159
3.85585168
4.388478324
5.161738101
4.170028797
4.160493029
6.410652606
3.539971399
2.513021483
2.93031278
2.389750565
2.13438567
2.412114034
2.939598099
2.566063151
2.538876532
2.228814588
1.894971292
3.783662829
0.433304427
0.985790176
1.17078152
1.29068203
1.216562558
2.655609055
3.603327777
2.14821547
2.989838748
1.991821418
1.817784433
2.010473442
2.706943804
2.304679019
2.440208003
3.707124299
4.513936898
6.165183644
2.464618502
3.015245495
2.295730219
0.812785169
2.749438488
0.006395456
0.453652894
3.696017531
1.675662441
2.930629135
1.455274239
1.429975003
3.554202534
2.424355936
2.950557574
2.293853286
2.054797685
3.310218014
1.06866914
2.790211178
0.677261463
0.902273767
0.766612891
1.834070951
1.513545916
1.980181286
4.828422425
6.116745615
7.644243291
3.850434596
4.401436475
5.156219955
4.165516887
4.158901267
6.429296413
3.538029241
2.509221494
2.921049748
2.386105515
2.131634039
2.408351433
2.936305187
2.563779141
2.534402717
2.225195307
1.888655945
3.795473573
0.427142468
0.995694082
1.164455235
1.285237952
1.213596097
2.670039402
3.601448422
2.143624022
2.992525807
1.987502515
1.815866357
2.005962757
2.703035406
2.302181893
2.441104579
3.703840177
4.508195269
6.181024854
2.45893143
3.027217247
2.291992299
0.806201331
2.760164601
0
0.460967918
3.694041251
1.670138635
2.949057567
1.450090462
1.429878485
3.552286607
2.420387021
2.941610924
2.290087474
2.052212667
3.347404213
1.133122503
2.679617157
0.742426529
0.862996266
0.830828755
1.898039577
1.552047739
1.860248586
4.859462258
6.156750193
7.472530479
3.902605947
4.312124694
5.205169632
4.209873565
4.173187287
6.287842206
3.570965762
2.554616027
2.984595841
2.432444569
2.178098345
2.454541398
2.981708455
2.602374271
2.570781456
2.262869889
1.94738414
3.68590293
0.488712444
0.922129552
1.224281829
1.341679335
1.240633817
2.561898289
3.631143133
2.195294582
2.897706519
2.039535879
1.841599827
2.057882487
2.754127433
2.341618224
2.383711546
3.7372204
4.556214303
6.028747119
2.51451583
2.942859337
2.33210553
0.870026473
2.671867764
0.065647925
0.399934081
3.72241046
1.729045689
2.810102229
1.509059475
1.424895335
3.584286716
2.467369833
2.962837463
2.337791269
2.094210179
3.347404458
1.13312253
2.679303305
0.742425087
0.862945382
0.830828701
1.89802491
1.552049181
1.860146953
4.859465578
6.156757323
7.471753197
3.902608287
4.312219769
5.2051717
4.209881484
4.1732539
6.286895644
3.570963993
2.55461698
2.984662535
2.43245227
2.178100468
2.454540473
2.981712808
2.602355223
2.570886681
2.262869971
1.947382426
3.684891906
0.488709587
0.922042422
1.224280523
1.341679226
1.240647368
2.560931918
3.631143351
2.195294201
2.897628669
2.039535743
1.841620453
2.057882351
2.754113174
2.341612727
2.383739165
3.737222114
4.556216153
6.027953401
2.514518469
2.942882575
2.332104877
0.870025575
2.670879623
0.065645422
0.399819468
3.722406242
1.729045199
2.810069902
1.509058985
1.424902137
3.584287015
2.46736665
2.962413543
2.337789691
2.094224275
3.347405356
1.133122857
2.681020047
0.742425768
0.863093655
0.830828592
1.898038162
1.552047984
1.861391503
4.859453659
6.156755091
7.475461267
3.902605076
4.312852044
5.205172462
4.20987011
4.173113191
6.289711221
3.57095104
2.554616272
2.984446507
2.432445005
2.178053229
2.454539302
2.981714414
2.602362706
2.570677402
2.26286959
1.947384984
3.687964599
0.488708254
0.922766752
1.224282564
1.341663716
1.24059983
2.563800583
3.631142643
2.195293003
2.897959173
2.039535879
1.841569786
2.057882596
2.754119895
2.341614659
2.383785233
3.737216944
4.556218874
6.031240082
2.514514932
2.943586388
2.332105313
0.870026827
2.673787908
0.065645367
0.40033332
3.722413888
1.729045552
2.810783021
1.509059067
1.424888559
3.584284539
2.46736782
2.962279855
2.337789718
2.094175812
3.347404213
1.133122503
2.679617048
0.742426529
0.862996266
0.830828755
1.898039577
1.552047739
1.860249294
4.859462176
6.156750193
7.472530479
3.902605947
4.312124694
5.205169714
4.209873565
4.173187287
6.287842315
3.570952809
2.554616027
2.984595841
2.432444569
2.178098345
2.454541398
2.981708455
2.602374271
2.570781456
2.262869889
1.94738414
3.685900753
0.488712444
0.922129552
1.224281829
1.341679335
1.240633817
2.561898289
3.631144494
2.195294582
2.897704342
2.039535879
1.841599827
2.057882487
2.754127433
2.341618224
2.383711138
3.7372204
4.556214303
6.028747119
2.51451583
2.942859337
2.33210553
0.870026473
2.671867818
0.065647925
0.399934081
3.722411385
1.729045689
2.810102283
1.509059475
1.424895335
3.584270798
2.467369833
2.962837463
2.337791269
2.094210179
3.347406635
1.133122857
2.681020047
0.742425768
0.863093655
0.830828592
1.898038162
1.552047984
1.861391503
4.859453659
6.156755091
7.475461267
3.902605076
4.312852044
5.205172462
4.20987011
4.173113191
6.289711221
3.570943421
2.554616272
2.984446507
2.432445005
2.178053229
2.454539302
2.981714414
2.602362706
2.570677402
2.26286959
1.947384984
3.687964599
0.488708254
0.922766724
1.224282564
1.341663716
1.24059983
2.563800583
3.631142643
2.195293003
2.897957214
2.039535879
1.841569786
2.057882596
2.754119895
2.341614659
2.383785233
3.737216944
4.556218874
6.031240082
2.514514932
2.943586388
2.332105367
0.870026827
2.673787908
0.065645367
0.40033332
3.722413888
1.729045552
2.810783021
1.509059067
1.424888559
3.584284512
2.46736782
2.962279855
2.337789718
2.094175812
3.347404349
1.13312253
2.679303305
0.742425087
0.862945382
0.830828701
1.89802491
1.552049181
1.860146953
4.859465632
6.156757323
7.471753197
3.902608287
4.312219769
5.2051717
4.209881484
4.1732539
6.286895644
3.570963993
2.55461698
2.984662535
2.43245227
2.178100468
2.454540473
2.981712808
2.602355223
2.570886681
2.262869971
1.947382426
3.684891906
0.488709587
0.922042422
1.224280523
1.341679226
1.240647368
2.560932136
3.631143568
2.195294337
2.897628669
2.039535743
1.841620453
2.057882351
2.754113174
2.341612727
2.383739165
3.737222196
4.556216153
6.027953401
2.514518469
2.942882575
2.332104877
0.870025575
2.670879623
0.065645422
0.399819468
3.722406242
1.729045199
2.810069902
1.509058985
1.424902137
3.584291015
2.46736665
2.962413543
2.337789691
2.094224275
3.38124101
1.185707788
2.420390695
0.720841349
0.831392894
0.840423055
1.8374077
1.59780007
1.687672451
4.867223488
5.910071458
7.310421437
3.674285276
4.274979992
4.943326669
4.084998749
4.252254235
6.123471902
3.864130735
2.569266947
2.902889208
2.430878168
2.17407324
2.455344612
2.953063054
2.615986329
2.524334674
2.271363585
1.946053713
3.401764525
0.371780628
0.87455071
1.156587201
1.231214729
1.317209843
2.336901605
3.8790382
2.215627947
2.777520213
2.036046667
1.833327683
2.060665139
2.722458672
2.361596322
2.313184117
3.744656268
4.403129897
5.822320636
2.322505925
2.901755652
2.345212117
0.929353882
2.366105104
0.010540371
0.354894515
3.834549086
1.762419436
2.62869207
1.501085645
1.407875671
3.876856504
2.483089764
2.871798572
2.335843968
2.089370458
3.381218479
1.183949984
2.397984314
0.722246444
0.828816801
0.840214727
1.845257393
1.6043949
1.675608999
4.85902729
6.004029435
7.164076624
3.718546552
4.277422369
5.021821071
4.105074181
4.237637901
6.052966541
3.864034028
2.572049516
2.893680788
2.430933706
2.17357751
2.455416504
2.953440824
2.6196138
2.518687194
2.268009176
1.944650823
3.289408347
0.387036176
0.87323133
1.169329323
1.245795689
1.312720355
2.283020424
3.888761534
2.218012365
2.773343079
2.036177797
1.832298672
2.060859099
2.724733893
2.366586439
2.307812529
3.737761083
4.45526952
5.683729843
2.355862339
2.902627874
2.344107949
0.920574008
2.301558271
0.015533699
0.352342259
3.861288329
1.764053402
2.624988979
1.501472531
1.406068125
3.877008314
2.485638618
2.863915219
2.335908377
2.088752306
3.37964435
1.18275621
2.415411218
0.721660591
0.831753929
0.839969039
1.840043466
1.597506708
1.686962489
4.856295496
5.942340112
7.304335397
3.712608459
4.289993715
4.98174022
4.110014746
4.229261702
6.140809418
3.864639309
2.570484911
2.905344076
2.430898767
2.173939062
2.455359007
2.951837117
2.617858201
2.524251572
2.266275781
1.945287533
3.376946678
0.38469173
0.880347905
1.163921219
1.2449171
1.303098327
2.334668861
3.884076643
2.216088058
2.781041343
2.036095619
1.833118321
2.060692921
2.72177701
2.36366561
2.313840473
3.735041398
4.422173216
5.807163129
2.351581368
2.913087074
2.343328027
0.924116853
2.349043616
0.01423236
0.356957898
3.844622952
1.76170444
2.630247614
1.50125838
1.40771518
3.877497459
2.484037795
2.875004572
2.335861737
2.089206702
3.37964435
1.18275621
2.415411218
0.721660591
0.831753929
0.839969039
1.840043466
1.597506708
1.686962489
4.856295496
5.942340112
7.304335397
3.712608459
4.289993715
4.981740383
4.110014746
4.229261702
6.140809418
3.864639309
2.570484911
2.905344076
2.430898767
2.173939062
2.455359007
2.951837117
2.617858201
2.524251572
2.266275781
1.945287533
3.376946678
0.38469173
0.880347905
1.163921219
1.2449171
1.303098327
2.334668861
3.884076643
2.216088003
2.781041343
2.036095619
1.833118321
2.060692921
2.72177701
2.36366561
2.313840473
3.735041969
4.422173216
5.807163129
2.351581368
2.913087074
2.343328027
0.924116853
2.349044051
0.01423236
0.356957898
3.844622952
1.76170444
2.630247614
1.50125838
1.40771518
3.877497976
2.484037795
2.875004572
2.335861737
2.089206702
3.381218479
1.183949984
2.397984314
0.722246444
0.828816801
0.840214727
1.845257393
1.6043949
1.675608999
4.859027372
6.004029435
7.164076624
3.718546552
4.277422369
5.021821098
4.105074181
4.237637901
6.052966541
3.864034028
2.572049516
2.893680788
2.430933706
2.17357751
2.455416504
2.953440824
2.6196138
2.518686976
2.268009285
1.944650823
3.289408347
0.387036176
0.87323133
1.169329323
1.245795689
1.312720355
2.283020424
3.888761534
2.218012365
2.773343079
2.036177797
1.832298672
2.060859099
2.724733893
2.366586439
2.307812638
3.737761083
4.45526952
5.683729843
2.355862339
2.902627874
2.344107949
0.920574008
2.301558271
0.015533699
0.352342259
3.861288329
1.764053402
2.624988272
1.501472531
1.406068125
3.877008314
2.485638618
2.8639156
2.335908377
2.088752306
3.38124101
1.185707788
2.420390695
0.720841349
0.831392894
0.840423055
1.8374077
1.59780007
1.687672451
4.867223488
5.910071458
7.310421437
3.674285276
4.274979992
4.943326669
4.084998749
4.252254235
6.123471902
3.864130735
2.569266947
2.902889181
2.430878168
2.17407324
2.455344612
2.953063054
2.615986329
2.524334674
2.271363857
1.946053713
3.401764525
0.371780628
0.87455071
1.156587092
1.231214729
1.317209843
2.336901605
3.879039016
2.215627947
2.777520213
2.036046667
1.833327683
2.060665139
2.722458672
2.361596322
2.313184117
3.74465635
4.403129897
5.822320636
2.322505925
2.901755652
2.345212607
0.929353882
2.366105104
0.010540371
0.354894515
3.834551236
1.762419436
2.62869207
1.501085645
1.407875671
3.876856504
2.483089764
2.871798572
2.335843968
2.089370458
3.347315451
2.881139673
2.515203071
1.7768263
1.963244425
2.340051714
2.343777145
2.84305679
2.167060883
4.860163486
8.609429923
6.873616315
5.515392474
4.964456745
7.338395759
4.95562117
4.949221932
6.078765018
3.56974396
3.069279847
3.384865542
2.729665642
3.10732741
2.870962433
3.028779757
3.488571588
3.209662131
2.262974897
4.143091731
3.181161846
2.039291687
1.771985055
3.253945748
2.04718402
2.173798599
2.511136142
3.631155759
3.032053294
3.193592539
2.487594327
2.865319252
2.734387077
2.867574881
3.393260843
2.982550689
3.737698225
6.888209765
5.456038372
4.120411035
3.6588177
2.332084469
2.945772737
2.284358416
1.434535348
1.392826518
3.722250922
2.987376016
2.927835219
2.18404501
2.520747693
3.583606142
3.057200639
3.337368197
2.669739673
3.049658839
3.347314172
2.889199354
2.528236187
1.785789331
1.975226789
2.348535532
2.350025144
2.848657222
2.180781921
4.860161145
8.57207869
6.879776477
5.514904472
4.976536089
7.314763768
4.958630054
4.953131581
6.090507136
3.569741158
3.070432832
3.386563128
2.730554299
3.108886328
2.871634789
3.029219541
3.489072869
3.211536833
2.262974298
4.133828018
3.193811342
2.047740322
1.786394504
3.253120737
2.05217947
2.177577772
2.527116591
3.631140521
3.036109448
3.197591005
2.490210556
2.868771321
2.737321892
2.868887159
3.394634019
2.986789973
3.737697436
6.85686057
5.465653651
4.123187564
3.671899578
2.332084251
2.949672563
2.297813521
1.445682335
1.407054579
3.72224869
2.993887989
2.936101839
2.19004226
2.527840594
3.583614822
3.059013518
3.339594792
2.670956222
3.051564343
3.347314172
2.886781602
2.530883382
1.78540503
1.976620237
2.346882845
2.349896763
2.850366536
2.182535942
4.860161254
8.620888639
6.882482938
5.514749669
4.978047932
7.32923602
4.957392525
4.954022116
6.092624261
3.569741158
3.072758066
3.386959891
2.73245828
3.109285677
2.873776594
3.029927761
3.489517443
3.211919474
2.262974216
4.132177834
3.198953459
2.044882623
1.788926378
3.251220784
2.050958077
2.179377181
2.530595354
3.631140521
3.036090182
3.198013945
2.492361041
2.869254235
2.738408563
2.869671597
3.395287954
2.98721256
3.737697436
6.877308385
5.469464116
4.121755177
3.673742743
2.332084251
2.946160276
2.302495119
1.443329127
1.409536902
3.72224869
2.992130077
2.936862767
2.191630811
2.528540406
3.58361572
3.060847376
3.339921297
2.672951387
3.051992019
3.31021815
2.812605368
2.554134556
1.818518014
2.002329979
2.318948141
2.365912069
2.841066306
2.212720751
4.828422534
8.144191456
6.987304744
5.44265739
5.046600033
7.067483098
4.939304557
4.951601942
6.18588678
3.538027254
3.079842042
3.380177985
2.759563456
3.104972679
2.903326162
3.02728873
3.478963303
3.208171948
2.225195307
3.966445592
3.264046117
2.03341139
1.842809628
3.153631308
2.044934242
2.16573666
2.598771915
3.601450925
3.002045575
3.200886529
2.524883357
2.87331066
2.748700362
2.873296375
3.388580959
2.993306926
3.703840258
6.538931056
5.562192782
4.072171211
3.738825604
2.291992299
2.844528225
2.342313138
1.461725586
1.447481444
3.694041251
2.925783509
2.95081684
2.227768026
2.543607055
3.552265274
3.058024507
3.335496543
2.701641278
3.049608417
3.313425429
2.81065736
2.430925515
1.742696196
1.888831619
2.288771904
2.302151335
2.751945737
2.092400784
4.831506085
8.38786022
6.853106105
5.451381372
4.934057568
7.174998113
4.907041916
4.894814436
6.057513826
3.540003371
3.009431021
3.315591561
2.690095787
3.046416675
2.826920205
2.984762291
3.426205527
3.145704117
2.228814479
4.021262995
3.117923564
1.991631131
1.716567078
3.173435718
1.995742495
2.102827712
2.45904939
3.603327777
2.94487725
3.120743113
2.447533613
2.800567413
2.676778206
2.823583157
3.32295883
2.915550051
3.707119646
6.682265978
5.420414275
4.063569869
3.621110573
2.295730301
2.863914784
2.203942292
1.394218415
1.320985233
3.696017177
2.898485298
2.850353202
2.147800666
2.452323075
3.554243405
2.989384786
3.267151001
2.629755476
2.987606139
3.312805916
2.808387228
2.55305768
1.817514201
2.001039389
2.316433872
2.365862381
2.843892141
2.210738702
4.830477373
8.146738623
6.991040895
5.44339976
5.045688056
7.071114732
4.941248565
4.952891635
6.187189778
3.53984035
3.084318496
3.382598703
2.761840962
3.107228063
2.90627559
3.029521855
3.48193839
3.210308419
2.227889877
3.966980533
3.265962288
2.031865533
1.841228995
3.153192612
2.04610505
2.16819882
2.597984865
3.603059231
3.005131574
3.202480522
2.526557976
2.875051539
2.751103012
2.875119566
3.39174968
2.994694251
3.706102798
6.541973817
5.565602375
4.072069388
3.737650851
2.294960039
2.841840241
2.342394037
1.459618475
1.445795804
3.695534454
2.925074554
2.950951154
2.228177715
2.544166051
3.554028547
3.062364226
3.337664144
2.703779382
3.051762956
3.312806025
2.810755619
2.429156337
1.742382725
1.887729873
2.288970082
2.302011525
2.751682443
2.090706627
4.830477836
8.349343866
6.848131662
5.44800027
4.930581635
7.153820281
4.906556744
4.894663823
6.051828305
3.53984035
3.009715594
3.316248189
2.690538782
3.046941113
2.827574466
2.985065476
3.426757448
3.146349426
2.227889877
4.009051161
3.112598752
1.99151543
1.713417051
3.168010199
1.995703393
2.102915005
2.454157777
3.603060701
2.945423593
3.121457865
2.447776934
2.801050653
2.677168793
2.823861552
3.323566234
2.916064883
3.706102798
6.654004361
5.414212126
4.061749671
3.61765777
2.294960039
2.860108291
2.200387256
1.394125925
1.318807564
3.695534454
2.899785412
2.850141419
2.147644447
2.452296871
3.554027241
2.989630638
3.267899902
2.630233872
2.988154686
3.313425429
2.821270494
2.562052739
1.820160144
2.007687063
2.323324514
2.36869755
2.848765441
2.218837131
4.83150682
8.177809858
6.990424566
5.449146479
5.049532399
7.089288959
4.944613205
4.957187517
6.188985432
3.539969766
3.083310192
3.385397381
2.761842214
3.109166112
2.905651968
3.030001041
3.48336977
3.212783178
2.228814479
3.983674318
3.270961357
2.037950158
1.847513185
3.164602048
2.050214482
2.172920391
2.604141571
3.603327777
3.007484265
3.206340947
2.527041896
2.877650978
2.751833355
2.875999488
3.393558069
2.998068796
3.707124299
6.567549082
5.567174817
4.077907916
3.742253945
2.295730165
2.857309096
2.350638725
1.464817518
1.453350041
3.696014701
2.932572409
2.956999696
2.229371978
2.548090884
3.554244711
3.062036333
3.340703314
2.70393492
3.053861496
3.310218041
2.795702576
2.436977078
1.747237521
1.893535095
2.284167531
2.304768788
2.753192844
2.098529109
4.828422425
8.306557398
6.868063039
5.440171284
4.944316714
7.131682582
4.905449528
4.896419204
6.071359871
3.538029241
3.013536971
3.315328866
2.692876016
3.046453546
2.831065093
2.985161204
3.425787621
3.145784989
2.225195307
3.988725904
3.130441522
1.990479507
1.725650763
3.155043069
1.996156973
2.103669049
2.471152462
3.601450925
2.945104163
3.121790166
2.450778334
2.801521158
2.67951147
2.824427024
3.322881796
2.916857158
3.703840258
6.623136611
5.434873438
4.055929047
3.631177228
2.29199268
2.841634172
2.213232998
1.397713804
1.328083359
3.694041604
2.890568503
2.85350576
2.15165143
2.454842732
3.55230288
2.992850896
3.267141722
2.632700359
2.987852209
3.347404213
2.886620785
2.50504164
1.774655379
1.959960439
2.343543266
2.338932444
2.841675669
2.15803728
4.859462176
8.519320397
6.714681054
5.470672339
4.979985845
7.328992264
4.922384213
4.993681414
6.010399694
3.570965762
3.077603746
3.382282211
2.72968186
3.107142865
2.875923352
3.029508712
3.486263959
3.208129498
2.262869889
4.123927078
3.137996248
2.024475788
1.772461138
3.259159402
2.032988695
2.185764473
2.48512229
3.631143133
3.050273889
3.186197977
2.487598654
2.864735712
2.742898923
2.866923667
3.390608206
2.978296576
3.7372204
6.827212771
5.349855308
4.089067555
3.669365636
2.33210553
2.943086059
2.266978886
1.428007049
1.38820756
3.72241046
3.002256215
2.918911126
2.183533171
2.519382136
3.584292131
3.068491626
3.333244534
2.669760163
3.049390429
3.347404539
2.89453671
2.517912633
1.783677921
1.971938476
2.352175548
2.345201994
2.847279149
2.171740087
4.859465632
8.480783717
6.722112923
5.473663508
4.99237934
7.304173818
4.926176582
4.997619036
6.022021702
3.570963993
3.078480975
3.38398728
2.730575605
3.108703226
2.876466375
3.0299587
3.486793513
3.210012255
2.262869998
4.110368598
3.151118834
2.03371833
1.786990561
3.256640507
2.038404554
2.189418829
2.501257134
3.631143568
3.053867972
3.190291082
2.490220869
2.868231646
2.745774445
2.868201686
3.392030144
2.982565329
3.737222196
6.792723536
5.359922045
4.094030134
3.682669964
2.332104877
2.945000816
2.280702509
1.439377954
1.40244128
3.722406242
3.008326554
2.927132549
2.189547591
2.526505404
3.584290988
3.069993347
3.335424652
2.670974971
3.0512949
3.347406553
2.892005597
2.520474222
1.783243143
1.973259597
2.350456302
2.345045776
2.848951428
2.173426679
4.859454095
8.534991294
6.727987478
5.471652343
4.994141878
7.319944389
4.92456346
4.998493869
6.026021964
3.570944918
3.080599106
3.384395336
2.732488484
3.109092588
2.878560615
3.030652418
3.487219256
3.210416148
2.262869508
4.111674971
3.156676382
2.030488357
1.789637756
3.255447931
2.037006235
2.191192006
2.505021667
3.631142643
3.053627726
3.190649397
2.492352552
2.868708491
2.746714204
2.86898286
3.392629657
2.982924677
3.73721708
6.81732179
5.365615947
4.091564845
3.684676775
2.332105231
2.942015252
2.285353441
1.43693008
1.404891522
3.722413888
3.006398655
2.927942811
2.191086863
2.52718889
3.58427907
3.071667748
3.335845687
2.67302434
3.051729405
3.347404213
2.876454347
2.523356819
1.777561704
1.966715869
2.338998866
2.347314928
2.849706723
2.172537288
4.859462176
8.481229106
7.102728391
5.50288921
5.063987127
7.317728542
4.951880202
4.970759983
6.275321963
3.570952809
3.068180278
3.384514874
2.729656227
3.107616282
2.871377945
3.028666205
3.488480187
3.209778213
2.262869889
4.104912385
3.255532475
2.042628164
1.807365668
3.25718138
2.047435885
2.180347062
2.582471084
3.631144766
3.033025897
3.19164902
2.487660695
2.865748642
2.735306264
2.868794015
3.396719688
2.981884591
3.7372204
6.800112574
5.624874545
4.116696054
3.73468341
2.33210553
2.928618923
2.311257551
1.436886787
1.404383248
3.722410024
2.988743532
2.927826402
2.184259514
2.521796976
3.584284675
3.056671794
3.336464384
2.669759102
3.049951819
3.347405328
2.884559198
2.536357446
1.786483837
1.978696083
2.347452752
2.353498193
2.855096814
2.186226897
4.859454095
8.447920148
7.111401679
5.502010785
5.077322885
7.294990078
4.954962174
4.974488516
6.288332739
3.570943693
3.069257725
3.386204595
2.730543659
3.109156887
2.87197773
3.029096465
3.489006338
3.211650656
2.26286959
4.091073577
3.268042107
2.050516742
1.82208056
3.253206044
2.052452968
2.183938289
2.598760977
3.631142643
3.036588116
3.19570901
2.49028125
2.869216031
2.73808644
2.870056579
3.398082523
2.986113181
3.737216944
6.769594757
5.634841635
4.11878477
3.748553646
2.332105231
2.929783962
2.324461416
1.447887133
1.418603417
3.722413888
2.994894062
2.936105512
2.190259268
2.5289317
3.584278634
3.058309161
3.338654298
2.670960331
3.05186361
3.34740307
2.88204131
2.53903909
1.786121795
1.980032878
2.345757697
2.353341349
2.85679772
2.187987557
4.859465795
8.490911025
7.113438014
5.502338705
5.078510345
7.310829248
4.953649842
4.975344819
6.289985726
3.570963993
3.071190794
3.386626856
2.732477055
3.109555719
2.874089276
3.029824387
3.489438231
3.212034984
2.262869998
4.093253315
3.273324633
2.047764077
1.824615619
3.252655484
2.051179248
2.185687303
2.602392393
3.631143568
3.036560035
3.19616289
2.492466185
2.86969987
2.739227968
2.870823194
3.398681601
2.986568502
3.737222196
6.790953841
5.638257622
4.117683242
3.750315912
2.332104959
2.92724572
2.329207831
1.445564266
1.421080815
3.722405453
2.993460532
2.936907339
2.191858894
2.529605934
3.584290444
3.059920243
3.339083035
2.672983741
3.052294986
3.381240928
2.844100713
2.417442329
1.779351127
1.950674494
2.310373302
2.42231307
2.762337781
2.113620956
4.867223434
8.174004726
6.697920194
5.500073117
4.891957226
7.151615864
5.037086714
4.886901205
5.9259749
3.864130735
3.05911692
3.295773218
2.73795101
3.111557904
2.868458449
3.086798398
3.437086281
3.187594418
2.27136383
4.030485293
2.99948355
2.054790964
1.711112878
3.222149068
2.143773329
2.087241306
2.37391262
3.879039016
3.007087392
3.115579146
2.493873864
2.868650124
2.720006825
2.929719472
3.330443379
2.95934357
3.74465635
6.598373186
5.28356085
4.121057705
3.587818813
2.345212607
2.891444533
2.133941804
1.443805211
1.355646959
3.834549086
2.948718083
2.854166144
2.187489487
2.520175282
3.876856504
3.044325292
3.251781902
2.677724333
3.053814258
3.381218778
2.953348661
2.535599184
1.761668222
1.994783689
2.354176019
2.372644152
2.826530951
2.214710419
4.85902661
7.846191333
7.316357625
5.260365703
5.233693944
6.861242221
4.903062906
5.012892026
6.466107699
3.864034028
3.149076513
3.396449374
2.73974827
3.113420062
2.907547187
3.055045991
3.50527702
3.244440102
2.268009176
4.055913156
3.282507066
1.921385118
1.922344687
3.147845052
2.050722076
2.174266928
2.659884992
3.888748364
3.100693069
3.219364322
2.493786571
2.873831098
2.763006573
2.896441806
3.40409327
3.022966072
3.737761083
6.404707791
5.764676854
3.914652855
3.891572349
2.344107949
2.997158643
2.307894788
1.383505962
1.467908062
3.861288329
3.048514126
2.955361594
2.183647675
2.534987753
3.877008314
3.135565489
3.354211398
2.678951603
3.05621473
3.37964435
2.846509159
2.418240182
1.778796077
1.952270692
2.310394581
2.423906955
2.763293839
2.117575503
4.856295469
8.031327031
6.742848086
5.40933635
4.932624828
7.001909323
5.042182409
4.881147575
5.982364908
3.864639309
3.069819332
3.296372839
2.738893409
3.111841552
2.872457378
3.089330545
3.438020571
3.188386884
2.266275809
4.023569672
2.997873312
2.034859478
1.723116493
3.199814225
2.144125058
2.086986856
2.382263077
3.884076643
3.010375515
3.117140078
2.494353757
2.869113418
2.720898448
2.9326446
3.331141749
2.961680016
3.735041969
6.511872927
5.297721508
4.059520192
3.616877059
2.343328027
2.897675499
2.133295026
1.440275074
1.359635193
3.844622952
2.948563334
2.856284819
2.187520916
2.520958251
3.877497459
3.053176622
3.252600871
2.678537207
3.05413347
3.37964435
2.960927305
2.531771903
1.761102777
1.994182979
2.358330377
2.359711797
2.819334349
2.213785272
4.856295469
8.011738866
7.217253939
5.256874967
5.253370817
6.915966644
4.88626629
5.036283091
6.420253871
3.864639309
3.151511734
3.399323535
2.738973763
3.113483355
2.909439576
3.054394641
3.504027246
3.24522884
2.266275809
4.108423447
3.21283126
1.917555143
1.923824693
3.159202025
2.036271511
2.1829394
2.630435479
3.884076643
3.11408899
3.224668535
2.49313748
2.873899098
2.767879301
2.891452588
3.398946582
3.024488936
3.735041398
6.531788658
5.662996802
3.90984546
3.902479742
2.343327945
3.012940016
2.280569203
1.382173194
1.466759404
3.844622952
3.05856255
2.959344142
2.183156217
2.534912841
3.877497459
3.14085675
3.357949999
2.678231872
3.056274458
3.381218452
2.858971498
2.417629567
1.776911579
1.94737195
2.312467597
2.425756269
2.765700162
2.11109689
4.85902661
8.205291798
6.637822632
5.487580519
4.867556605
7.099010143
5.050045708
4.876012995
5.889844406
3.864034028
3.0843727
3.295704374
2.739649086
3.111259917
2.877859741
3.090523774
3.437997741
3.186776836
2.268009176
4.052434447
2.992186703
2.04361859
1.696633333
3.204378544
2.143809846
2.088340658
2.361670554
3.888761915
3.026503829
3.115522982
2.495003638
2.867996162
2.726984324
2.934308307
3.330654645
2.958315321
3.737761083
6.60054729
5.24239009
4.107463933
3.565871699
2.344107949
2.916053454
2.13524249
1.437257047
1.348263934
3.861288329
2.961743472
2.853983177
2.187451664
2.518866596
3.877008314
3.068960608
3.251675343
2.67924989
3.053419562
3.38124101
2.962246385
2.529747132
1.761040518
1.993271519
2.360517379
2.35986437
2.816519834
2.210838104
4.867223434
7.983678638
7.327757891
5.254034983
5.256731946
6.904216064
4.905588876
5.003584694
6.476679825
3.864130735
3.148224319
3.396778463
2.738160834
3.113464661
2.908895546
3.048571324
3.504872501
3.243634765
2.27136383
4.103171343
3.262285048
1.917524122
1.923993674
3.158514675
2.047572403
2.162098277
2.658358672
3.879039016
3.116752267
3.21697125
2.49259307
2.873844459
2.769735717
2.886794092
3.401266646
3.020990417
3.74465635
6.508957377
5.753161077
3.908625972
3.905874423
2.345212607
3.01290388
2.294108036
1.382174065
1.465028594
3.834582664
3.062929017
2.951396734
2.182892379
2.534656867
3.876857021
3.138919517
3.353775043
2.677483488
3.056244009
3.347315451
2.881139673
2.515202934
1.7768263
1.963244425
2.34017498
2.343777145
2.84305679
2.167060394
4.860163486
8.609429923
6.873616315
5.515392474
4.964456745
7.338395759
4.95562117
4.949221932
6.078765018
3.56974396
3.069279847
3.384865542
2.729665642
3.10732741
2.870962433
3.028779757
3.488571588
3.209662131
2.262974897
4.143091622
3.181161846
2.039291687
1.771985055
3.253945748
2.047182333
2.173798599
2.511136142
3.631155759
3.032053294
3.193592539
2.487594327
2.865319252
2.734342369
2.867574881
3.393260843
2.982550689
3.737698225
6.88820835
5.456038372
4.120411035
3.6588177
2.332084551
2.945772057
2.284358416
1.434537226
1.392829103
3.72225084
2.987386383
2.927835219
2.18404501
2.520747693
3.583619638
3.057200639
3.337368197
2.669739673
3.049658839
3.347314253
2.886781602
2.530883382
1.78540503
1.976620237
2.346920614
2.349896763
2.850366536
2.182527752
4.860161254
8.620888639
6.882482938
5.514749669
4.978047932
7.32923602
4.957392525
4.954022116
6.092624261
3.569741158
3.072758066
3.386959891
2.73245828
3.109285677
2.873776594
3.029927761
3.489517443
3.211919719
2.262974216
4.132177834
3.198953459
2.044882677
1.78892627
3.251213818
2.05095639
2.179377181
2.530595354
3.631140521
3.036090182
3.198013945
2.492361041
2.869254235
2.738419284
2.869670972
3.395287954
2.98721256
3.737697355
6.877308358
5.469464116
4.121755177
3.673742743
2.332084251
2.946159514
2.302495119
1.443329372
1.409539705
3.72224869
2.992132907
2.936862767
2.191630811
2.528540406
3.583618849
3.060847376
3.339921297
2.672951387
3.051992019
3.347315342
2.889199354
2.528236187
1.785789331
1.975226789
2.348574498
2.350025144
2.848657222
2.180783255
4.860161254
8.57207869
6.879776477
5.514904472
4.976536089
7.314763768
4.958630054
4.953131581
6.090507136
3.569741158
3.070432832
3.386563128
2.730554299
3.108886328
2.871634789
3.029219541
3.489072869
3.211536833
2.262974162
4.133828045
3.193811342
2.047740322
1.786394504
3.253120737
2.05217947
2.177577119
2.527116591
3.631140738
3.036109148
3.197591005
2.490210556
2.868771321
2.73734777
2.868887404
3.394634019
2.986789973
3.737697355
6.85686057
5.465653651
4.123187564
3.671899578
2.332084306
2.949672482
2.297813521
1.445686661
1.407055422
3.72224869
2.993890057
2.936101839
2.19004226
2.527840594
3.583616346
3.059013518
3.339594792
2.670956222
3.051564343
3.310218014
2.795702576
2.436977078
1.747237521
1.893535095
2.284167531
2.304768788
2.753192844
2.098529109
4.828422398
8.306557398
6.868063039
5.440171284
4.944316714
7.131682582
4.905449528
4.896419204
6.071359871
3.538029241
3.013536971
3.315328866
2.692876016
3.046453546
2.831065093
2.985161204
3.425787621
3.145784989
2.225195307
3.988725904
3.130441522
1.990479507
1.725650763
3.155043069
1.996156973
2.103669049
2.471152462
3.601450925
2.945103238
3.121790166
2.450778334
2.801521158
2.67951147
2.824427024
3.322881796
2.916857158
3.703840177
6.623136611
5.434873438
4.055929047
3.631177228
2.291992299
2.841633873
2.213232998
1.397713804
1.328083359
3.694041387
2.890568503
2.85350576
2.15165143
2.454842732
3.552271288
2.99285193
3.267141722
2.632700359
2.987852209
3.313425429
2.821270494
2.562052739
1.820160144
2.007687063
2.323324514
2.36869755
2.848765441
2.218837376
4.831506085
8.177809858
6.990424566
5.449146479
5.049532399
7.089288959
4.944613205
4.957187517
6.188985432
3.539971045
3.083310192
3.385397381
2.761842214
3.109166112
2.905651968
3.030001041
3.48336977
3.212783178
2.228814588
3.983674318
3.27096133
2.037950158
1.847513158
3.164602048
2.050214482
2.172920391
2.604141571
3.603327777
3.007484673
3.206340947
2.527041896
2.877650978
2.751833355
2.875999488
3.393558069
2.998068796
3.707119646
6.567549082
5.567174817
4.077907916
3.742253945
2.295730219
2.857309096
2.350638725
1.464817518
1.453350041
3.696017177
2.932572409
2.956999696
2.229371978
2.548090884
3.554232765
3.062036333
3.340703314
2.70393492
3.053861496
3.312805916
2.810755619
2.429156337
1.742382725
1.887729873
2.288970082
2.302011525
2.751682443
2.090706627
4.830477836
8.349343866
6.848131662
5.44800027
4.930581635
7.153820281
4.906556744
4.894663823
6.051828305
3.53984035
3.009715594
3.316248189
2.690538782
3.046941113
2.827574466
2.985065476
3.426757448
3.146349426
2.227889877
4.009051161
3.112598752
1.99151543
1.713417051
3.168010199
1.995703393
2.102915005
2.454157777
3.603060701
2.945423593
3.121457865
2.447776934
2.801050653
2.677168793
2.823861552
3.323566234
2.916064883
3.706102744
6.654004361
5.414212126
4.061749671
3.61765777
2.294960039
2.860108291
2.200387256
1.394125925
1.318807564
3.695534454
2.899785412
2.850141419
2.147644447
2.452296871
3.554032465
2.989630638
3.267899902
2.630233872
2.988154686
3.312806025
2.808387228
2.55305768
1.817514201
2.001039389
2.316433872
2.365862381
2.843892141
2.210738702
4.830477754
8.146738623
6.991040895
5.44339976
5.045688056
7.071114732
4.941248565
4.952891635
6.187189778
3.53984035
3.084318496
3.382598703
2.761840962
3.107228063
2.90627559
3.029521855
3.48193839
3.210308419
2.227889877
3.966980533
3.265962288
2.031865533
1.841228995
3.153192612
2.04610505
2.16819882
2.597984865
3.603058687
3.005131574
3.202480522
2.526557976
2.875051539
2.751103012
2.875119566
3.39174968
2.994694251
3.706102744
6.541973817
5.565602375
4.072069388
3.737650851
2.294960039
2.841840241
2.342394037
1.459618475
1.445795804
3.695534454
2.925074554
2.950951154
2.228177715
2.544166051
3.554013744
3.062364226
3.337664144
2.703779382
3.051762956
3.313425429
2.81065736
2.430925515
1.742696196
1.888831619
2.288771686
2.302151335
2.751945737
2.092400784
4.831506656
8.38786022
6.853106105
5.451381372
4.934057568
7.174998113
4.907041916
4.894814436
6.057513826
3.539969766
3.009432899
3.315591561
2.690095787
3.046416675
2.826920205
2.984762291
3.426205527
3.145704117
2.228814479
4.021262995
3.117923564
1.991631131
1.716567078
3.173435718
1.995742495
2.102827712
2.45904939
3.603327777
2.94487725
3.120743113
2.447533613
2.800567413
2.676778206
2.823583157
3.32295883
2.915550051
3.707124299
6.682265978
5.420414275
4.063569869
3.621110573
2.295730219
2.863914784
2.203942292
1.394218415
1.320985233
3.696014701
2.898485298
2.850353202
2.147800666
2.452323075
3.554243405
2.989384786
3.267151001
2.629755476
2.987606139
3.310218014
2.812605368
2.554134556
1.818518014
2.002329979
2.318948141
2.365912069
2.841066306
2.212720751
4.828422398
8.144191456
6.987304744
5.44265739
5.046600033
7.067483098
4.939304557
4.951601942
6.18588678
3.538029241
3.079842042
3.380177985
2.759563456
3.104972679
2.903326162
3.02728873
3.478963303
3.208171948
2.225195362
3.966445592
3.264046117
2.03341139
1.842809628
3.153631308
2.044934242
2.16573666
2.598771915
3.601450925
3.002045575
3.200886529
2.524883357
2.87331066
2.748700362
2.873296375
3.388580959
2.993306926
3.703840177
6.538931056
5.562192782
4.072171211
3.738825604
2.291992299
2.844528225
2.342313138
1.461725586
1.447481444
3.694041251
2.925783509
2.95081684
2.227768026
2.543607055
3.552263941
3.058024507
3.335496543
2.701641278
3.049608417
3.347404213
2.876454347
2.523356819
1.777561704
1.966715869
2.339082104
2.347314928
2.849706723
2.172537288
4.859462176
8.481229106
7.102728391
5.50288921
5.063987127
7.317728542
4.951880202
4.970759983
6.275321963
3.570965762
3.068180278
3.384514874
2.729656227
3.107616282
2.871377945
3.028666205
3.488480187
3.209778213
2.262869889
4.104912385
3.255532475
2.042628164
1.807365668
3.257203612
2.047435885
2.180347062
2.582471084
3.631144766
3.033028428
3.19164902
2.487660695
2.865748642
2.735217611
2.868794015
3.396719688
2.981884591
3.7372204
6.800112574
5.624874545
4.116696054
3.73468341
2.33210553
2.928618923
2.311257551
1.436887739
1.404383248
3.722409698
2.988740158
2.927826402
2.184259514
2.521796976
3.584286743
3.056671794
3.336464384
2.669759102
3.049951819
3.34740307
2.882040902
2.53903909
1.786121795
1.980032878
2.345757697
2.353341349
2.85679772
2.187987557
4.859465659
8.490911025
7.113438014
5.502338705
5.078510345
7.310829302
4.953649842
4.975344819
6.289985671
3.570963993
3.071190794
3.386626856
2.732477055
3.109555719
2.874089222
3.029824387
3.489438231
3.212034984
2.262869971
4.093253315
3.273324633
2.047764077
1.824615619
3.252655484
2.051179248
2.185687303
2.602392393
3.631143351
3.036560035
3.19616289
2.492466185
2.86969987
2.739227968
2.870823194
3.398681601
2.986568502
3.737222196
6.790953841
5.638257622
4.117683242
3.750315912
2.332104877
2.92724572
2.329207831
1.445564266
1.421080815
3.722406242
2.993460532
2.936907339
2.191858894
2.529605934
3.584272131
3.059920243
3.339083035
2.672983741
3.052294986
3.347405437
2.884514164
2.536357446
1.786483837
1.978696083
2.347346656
2.353498193
2.855096814
2.186226897
4.859454095
8.447920148
7.111401679
5.502010785
5.077322885
7.294989997
4.954962174
4.974488516
6.288332766
3.570944918
3.069257725
3.386204595
2.730543659
3.109156887
2.871977648
3.029096465
3.489006338
3.211650656
2.262869508
4.091073577
3.268042107
2.050516742
1.82208056
3.253182152
2.052452995
2.183938397
2.598760977
3.631142643
3.036588225
3.19570901
2.49028125
2.869216031
2.738122576
2.870056579
3.398082523
2.986113888
3.73721708
6.769594757
5.634841635
4.11878477
3.748553646
2.332105394
2.929784615
2.324460954
1.447887133
1.418603417
3.722413888
2.994894334
2.936105512
2.190259268
2.5289317
3.584281056
3.058309161
3.338654298
2.670960331
3.05186361
3.347404213
2.886619751
2.50504164
1.774655379
1.959960439
2.34353796
2.338932444
2.841675669
2.15803728
4.859462176
8.519320397
6.714681054
5.470672339
4.979985845
7.328992264
4.922384213
4.993681414
6.010399694
3.570966034
3.077603746
3.382282211
2.72968186
3.107142865
2.875923352
3.029508712
3.486263959
3.208129498
2.262869889
4.123927078
3.137996248
2.024475788
1.772461138
3.259159402
2.032988695
2.185764473
2.48512229
3.631144494
3.050273889
3.186197977
2.487598654
2.864735712
2.742899113
2.866923831
3.390609322
2.978287161
3.7372204
6.827212771
5.349855308
4.089067555
3.669365636
2.33210553
2.943085977
2.266978886
1.428007049
1.38820756
3.722409698
3.002256215
2.918911154
2.183533171
2.519382136
3.584290199
3.068491626
3.333244534
2.669760163
3.049390429
3.347405383
2.892005597
2.520474222
1.783243143
1.973259597
2.350456302
2.345045776
2.848951428
2.173426679
4.859454095
8.534991294
6.727987478
5.471652343
4.994141878
7.319944389
4.92456346
4.998493869
6.026021964
3.570943693
3.080599106
3.384395336
2.732488484
3.109092588
2.878560615
3.030652418
3.487219256
3.210416148
2.26286959
4.111674971
3.156676382
2.030488357
1.789637756
3.255447931
2.037006235
2.191192006
2.505021667
3.631142643
3.053627726
3.190649397
2.492352552
2.868708491
2.746714204
2.86898286
3.392629657
2.982924677
3.737216944
6.81732179
5.365615947
4.091564845
3.684676775
2.332105313
2.942015252
2.285353332
1.43693008
1.404891522
3.722413888
3.006398655
2.927942811
2.191086863
2.52718889
3.584286879
3.071667748
3.335845687
2.67302434
3.051729405
3.347404458
2.894536519
2.517912633
1.783677921
1.971938476
2.352135167
2.345201994
2.847279149
2.171740087
4.859465795
8.480783717
6.722112923
5.473663508
4.99237934
7.304173818
4.926176582
4.997619036
6.022021702
3.570963993
3.078480975
3.38398728
2.730575605
3.108703226
2.876466375
3.0299587
3.486793513
3.210012255
2.262869998
4.110368653
3.151118834
2.03371833
1.786990561
3.256640507
2.038404554
2.189418829
2.501257134
3.631143568
3.053868027
3.190291082
2.490220869
2.868231646
2.745803534
2.868201686
3.392046797
2.982539179
3.737222196
6.792723536
5.359922072
4.094030134
3.682669964
2.332104959
2.945001741
2.280702754
1.439377954
1.40244128
3.722405453
3.008327724
2.927132549
2.189547591
2.526505404
3.584305764
3.069993347
3.335424652
2.670974971
3.0512949
3.38124101
2.962246249
2.529747132
1.761040518
1.993271519
2.360517733
2.35986437
2.816521276
2.210838131
4.867223434
7.983678638
7.327757891
5.254034983
5.256731946
6.904216064
4.905588876
5.003584694
6.476679825
3.864130735
3.148224319
3.396778463
2.738160834
3.113464661
2.908895546
3.048571324
3.504872501
3.243634765
2.27136383
4.103171343
3.262285048
1.917524122
1.923993674
3.158514675
2.047572403
2.162098277
2.658358672
3.879039016
3.116752403
3.21697125
2.49259307
2.873844459
2.769692996
2.886794092
3.40126738
3.021011424
3.74465635
6.508955799
5.753161077
3.908626027
3.905874423
2.345212607
3.012885022
2.294108036
1.382174119
1.465028594
3.834613413
3.062929017
2.951396734
2.182892679
2.534656867
3.876856504
3.138919517
3.353775043
2.677483488
3.056244009
3.381218479
2.858971225
2.417629567
1.776911579
1.94737195
2.312467597
2.425756269
2.765700162
2.11109689
4.85902661
8.205291798
6.637822632
5.487580519
4.867556605
7.099010143
5.050045708
4.876012995
5.889844406
3.864034028
3.0843727
3.295704374
2.739649086
3.111259917
2.877859741
3.090523774
3.437997741
3.186777108
2.268009176
4.052434447
2.992186703
2.04361859
1.696633333
3.204378544
2.143809846
2.088340658
2.361670554
3.888750377
3.026503829
3.115522982
2.495003638
2.867996162
2.726984324
2.934308307
3.330654645
2.958315321
3.737761083
6.60054729
5.24239009
4.107463933
3.565871699
2.344107704
2.91605408
2.135242408
1.437257047
1.348263934
3.861288329
2.961743472
2.853983177
2.187451664
2.518866596
3.877008314
3.068960608
3.251675343
2.67924989
3.053419562
3.37964435
2.960927332
2.531771903
1.761102777
1.994182979
2.358330948
2.359711797
2.819334758
2.213785409
4.856295469
8.011738866
7.217253939
5.256874967
5.253370817
6.915964359
4.88626629
5.036283091
6.420276701
3.864639309
3.151511734
3.399323535
2.738973763
3.113483355
2.909439576
3.054394641
3.504027246
3.24522884
2.266275781
4.108424889
3.21283126
1.917555143
1.923824693
3.159201563
2.036271484
2.182942992
2.630428975
3.884076643
3.114089126
3.224667365
2.49313748
2.873899098
2.767841342
2.891452588
3.398945656
3.024487766
3.735041969
6.531788658
5.662996802
3.909845705
3.902479742
2.343328027
3.012940016
2.280569203
1.38217333
1.466759404
3.844622952
3.058683938
2.959344142
2.183156217
2.534912841
3.877521323
3.14085675
3.357949999
2.678231872
3.056274458
3.37964435
2.846509159
2.418240182
1.778796077
1.952270692
2.310394581
2.423906955
2.763293839
2.117575503
4.856295469
8.031327031
6.742848086
5.40933635
4.932624828
7.001909323
5.042182409
4.881147575
5.982364908
3.864639309
3.069819849
3.296372839
2.738893409
3.111841552
2.872457378
3.089330545
3.438020571
3.188386884
2.266275781
4.023569672
2.997873312
2.034859478
1.723116493
3.199814225
2.144125058
2.086986856
2.382263077
3.884076643
3.010375515
3.117140078
2.494353757
2.869113418
2.720898448
2.9326446
3.331141749
2.961680016
3.735041398
6.511872927
5.2977214
4.059520192
3.616877059
2.343327945
2.897675499
2.133295026
1.440275074
1.359635193
3.844622952
2.948563334
2.856284819
2.187520916
2.520958251
3.877497976
3.053176622
3.252600871
2.678537207
3.05413347
3.381218479
2.953349558
2.535599184
1.761668222
1.994783689
2.354176563
2.372644152
2.826530951
2.214710419
4.85902661
7.846191333
7.316357625
5.260365703
5.233693944
6.861242004
4.903062906
5.012892026
6.466107699
3.864034028
3.149076513
3.396449374
2.73974827
3.113420062
2.907547187
3.055045991
3.50527702
3.244440102
2.268009176
4.055913156
3.282507066
1.921385118
1.922344687
3.147845052
2.050722076
2.174266928
2.659882189
3.888748364
3.100693069
3.219364322
2.493786571
2.873831098
2.763006573
2.896441806
3.40409327
3.022966072
3.737761083
6.404707791
5.764676854
3.914652855
3.891572349
2.344107949
2.997158643
2.307894788
1.383505962
1.467908062
3.861288329
3.048517255
2.955361594
2.183647675
2.534987753
3.877008314
3.135565489
3.354211398
2.678951603
3.05621473
3.381240928
2.844100713
2.417442329
1.779351127
1.950674494
2.310373302
2.42231307
2.762337781
2.113620956
4.867223434
8.174004726
6.697920194
5.500073117
4.891957226
7.151615864
5.037086714
4.886901205
5.9259749
3.864130735
3.05911692
3.295773218
2.73795101
3.111557904
2.868458449
3.086798398
3.437086281
3.187594418
2.27136383
4.030485293
2.99948355
2.054790964
1.711112878
3.222149068
2.143773329
2.087241306
2.37391262
3.879075724
3.007086739
3.115579146
2.493873864
2.868650124
2.720006825
2.929719472
3.330443379
2.95934357
3.74465635
6.598373186
5.28356085
4.121057705
3.587818813
2.345212117
2.891444533
2.133941804
1.443805211
1.355646959
3.834551236
2.948718083
2.854166144
2.187489487
2.520175282
3.876856504
3.044325292
3.251781902
2.677724333
3.053814258
3.347315451
1.825365445
2.691417479
1.299143753
1.25725933
1.476298818
2.313550867
1.908596928
2.021239094
4.860163486
6.433135205
8.022243237
4.36119897
4.822973015
5.561982305
4.552950289
4.544892894
6.645214773
3.56974396
2.955576833
3.007331965
2.736617263
2.417259335
2.80769449
3.209857642
2.795362901
2.681937793
2.262974897
2.569420716
3.806321619
1.079995502
1.400838851
1.859170949
1.733561544
1.62057154
2.794208283
3.631155759
2.679457837
2.945041904
2.412098224
2.118295887
2.492013258
3.039996049
2.576187221
2.516783322
3.737698225
4.955114093
6.339898074
3.025452341
3.44651141
2.332084469
1.592654388
2.696491895
0.676281378
0.844898911
3.72225084
2.312690291
2.84598551
1.964489737
1.751689948
3.583619638
2.888940468
2.991923219
2.658679762
2.342753821
3.347315342
1.832457148
2.683988332
1.305510201
1.258624941
1.483469135
2.317900871
1.911509457
2.015925928
4.860161037
6.439518143
7.996747619
4.368665369
4.820677576
5.56836791
4.556347092
4.545267644
6.635905563
3.569741158
2.957085411
3.005786734
2.737861704
2.419879318
2.809179476
3.210521264
2.796288945
2.6819428
2.262974243
2.577854194
3.797414806
1.089162806
1.399334192
1.868520649
1.737879114
1.621951846
2.78799808
3.631140738
2.682380978
2.940103407
2.414528248
2.121465914
2.494915964
3.041377171
2.57769286
2.514832566
3.737697355
4.962231647
6.315616991
3.033712594
3.444284162
2.332084306
1.601185172
2.689640356
0.684700515
0.844723345
3.72224869
2.317763782
2.838930133
1.968767061
1.754530613
3.583631094
2.890757184
2.989503699
2.660168231
2.345503084
3.347315342
1.831687268
2.675844515
1.304727477
1.259019446
1.482905649
2.316542743
1.911630764
2.009629956
4.860161118
6.440936925
7.973870923
4.368576825
4.81333028
5.569196812
4.555829213
4.545880925
6.624543664
3.569741158
2.956897818
3.009000489
2.737594628
2.417628425
2.808988972
3.210196854
2.795590602
2.682336189
2.262974162
2.576527875
3.790330476
1.087873059
1.396457772
1.867587638
1.736424495
1.62304649
2.778770885
3.631140521
2.68236359
2.940363816
2.414202886
2.119625743
2.494820208
3.040880706
2.576920884
2.515831835
3.737697355
4.962497172
6.313886426
3.033196619
3.438376246
2.332084306
1.5996062
2.682223182
0.683304999
0.844306908
3.722249561
2.31766253
2.832061288
1.968339413
1.753909903
3.583589924
2.890611578
2.992939468
2.659868338
2.343315918
3.347404213
1.825189172
2.67565178
1.300264302
1.256615245
1.476699364
2.316355559
1.910809835
2.015376511
4.859462367
6.60251851
7.93084625
4.438728633
4.829544852
5.698596246
4.566356523
4.545268923
6.652670968
3.570965789
2.956342415
3.002558965
2.73667642
2.417083116
2.806210974
3.211236478
2.795521486
2.680054846
2.262869889
2.576205071
3.72501262
1.101954697
1.402434232
1.887438852
1.738283551
1.622083846
2.765771428
3.631144494
2.679122135
2.943896158
2.412202197
2.118026607
2.490421006
3.04280115
2.576795115
2.515801413
3.7372204
5.034914051
6.273259015
3.081390048
3.451159402
2.33210553
1.590265126
2.645039813
0.681761346
0.844643481
3.722410623
2.31232044
2.846385376
1.964765411
1.751231552
3.584285464
2.889013013
2.987765678
2.658754429
2.342566745
3.347404213
1.825355622
2.697822568
1.297626168
1.259529135
1.475263957
2.311928683
1.906010794
2.031734213
4.859462449
6.425994086
7.924055255
4.419418701
4.795019644
5.591120715
4.58784777
4.525752268
6.626647619
3.570952809
2.956364673
3.027324131
2.736475385
2.417910303
2.807027277
3.207156324
2.795235744
2.69300701
2.262869889
2.566846691
3.804211488
1.09229988
1.395362583
1.863112381
1.743315926
1.612088103
2.801091306
3.631144494
2.67953381
2.974151688
2.411781733
2.119449253
2.491098097
3.03675892
2.575679191
2.531994326
3.7372204
4.949144163
6.337214987
3.066278474
3.427801425
2.332105476
1.592394577
2.693402032
0.676026383
0.845469634
3.72241046
2.312497719
2.86128329
1.963767176
1.753573956
3.584286009
2.889263436
3.016563623
2.658497475
2.343513225
3.347315451
3.468118984
3.534122966
2.947137423
2.618544544
3.168479371
3.602778686
3.005427168
3.135067474
4.860163486
7.160464473
7.571196749
5.79447064
6.492713934
6.61526504
5.378329661
5.392224495
7.258496971
3.56974396
3.937991077
3.372333543
3.63388056
3.193578008
3.781752589
3.911547699
3.379241845
3.281258789
2.262974897
3.879853006
4.837042217
2.751808756
3.046240429
3.353922798
2.601713452
2.521133
4.154051151
3.631155759
3.891025244
3.417548184
3.506922632
3.061814999
3.671608938
3.930182091
3.317808713
3.248441098
3.737698225
5.881534275
6.497424866
4.537456971
5.119353784
2.332084469
3.175481496
3.638015407
2.442402489
2.401346668
3.72225084
3.772169882
3.490275487
3.305238238
2.879927342
3.58362372
3.943990775
3.380310802
3.604850586
3.161957139
3.347315342
3.479555604
3.541957584
2.9570142
2.627384527
3.181388242
3.606085639
3.011222975
3.14288435
4.860161037
7.170868054
7.569664933
5.805806362
6.492771268
6.629297644
5.380143219
5.393092771
7.259873684
3.569743335
3.936779724
3.373034417
3.635450634
3.195046504
3.783757305
3.912112463
3.380483428
3.28200086
2.262974216
3.894572878
4.833114255
2.765048024
3.050967143
3.371725867
2.603208424
2.523550834
4.152384559
3.631140521
3.894782566
3.419827677
3.510078428
3.064766086
3.675809554
3.931196054
3.31988562
3.250384971
3.737697355
5.894121295
6.500307844
4.549826439
5.120560347
2.332084306
3.189067268
3.641532483
2.454347193
2.409567193
3.72224869
3.779879221
3.495725768
3.311375107
2.885730142
3.583597679
3.946123819
3.381319786
3.606734295
3.163737718
3.347315342
3.47538473
3.543260066
2.955768181
2.627664637
3.178006132
3.605449582
3.011865589
3.143009848
4.860161037
7.164697525
7.572967069
5.801427785
6.492893391
6.621623489
5.379543734
5.393376799
7.263338597
3.569741158
3.937098583
3.372419421
3.634846224
3.194080813
3.783010091
3.911614856
3.379712432
3.281192829
2.262974298
3.886767104
4.835847137
2.760854618
3.0519241
3.363877262
2.602379931
2.523740359
4.153145351
3.631140521
3.893727814
3.418923564
3.509380003
3.06361468
3.67482174
3.930592406
3.319206107
3.24932385
3.737697355
5.886930598
6.504183561
4.545430801
5.121181874
2.332084306
3.182573852
3.644610973
2.451160159
2.410346815
3.72224869
3.77819037
3.49532808
3.310552219
2.884887989
3.583584264
3.945298046
3.38059415
3.606079598
3.162732244
3.347404213
3.477675243
3.535984552
2.94965376
2.620534566
3.174207041
3.609196373
3.01307901
3.13748381
4.859462449
7.290506604
7.61256634
5.874880016
6.47430142
6.762006045
5.391071946
5.397410558
7.257711362
3.570963503
3.937716654
3.370164446
3.633795444
3.194612325
3.781927474
3.91160691
3.380647674
3.280650405
2.262869889
3.942290959
4.851937845
2.778840082
3.048262316
3.40827307
2.601828228
2.52305124
4.170438867
3.631144494
3.891892813
3.413647243
3.507123613
3.062851194
3.672187824
3.929993274
3.323899079
3.246937418
3.7372204
5.994967193
6.512210316
4.597217987
5.110387379
2.332105394
3.202519978
3.649269033
2.451597984
2.405105433
3.72241046
3.774852016
3.488270689
3.306103983
2.881076353
3.584289464
3.944642533
3.377567307
3.604833062
3.163000817
3.347404213
3.458482862
3.535749177
2.945055183
2.617138823
3.160493595
3.607061344
3.001156156
3.135629
4.859462367
6.916471055
7.587999514
5.761064403
6.494964311
6.451621297
5.419766707
5.357509164
7.279962042
3.570952809
3.937320353
3.370533726
3.633737185
3.194309113
3.781951992
3.911389685
3.386041629
3.280493724
2.262869889
3.824285967
4.852241193
2.741637149
3.04723559
3.309744733
2.611384377
2.507601106
4.172511094
3.631142834
3.888490404
3.418274201
3.506460263
3.061751842
3.669338016
3.929855477
3.319064147
3.248967522
3.7372204
5.721724399
6.511606803
4.513014935
5.122897364
2.33210553
3.157117472
3.646490409
2.43842405
2.399890853
3.72241046
3.763784595
3.493027961
3.304092519
2.879182849
3.584292158
3.945096875
3.378774441
3.604672245
3.162440951
3.347315451
2.670729609
1.326357964
0.960852873
0.88523734
1.895167156
1.64172676
2.003514773
1.00531464
4.860163486
7.583482896
6.174593453
4.439294023
4.002657828
6.386643796
4.268947721
4.297864769
5.261056346
3.56974396
2.99680743
2.65715796
2.237301971
2.509787619
2.603487881
2.651181934
3.039384754
2.545394927
2.262974897
3.727892116
2.126504657
1.039790705
0.640800138
2.619122152
1.338243402
1.442823901
1.400636102
3.631155759
2.910957841
2.322228182
1.910055193
2.134084771
2.420909826
2.400556107
2.826112501
2.170700708
3.737698225
6.125961464
4.646324373
3.067978291
2.636791125
2.332084551
2.669908191
1.077598539
0.509682221
0.223489848
3.72225084
2.813079765
1.887853493
1.506104496
1.625432786
3.583631312
2.975737518
2.575919927
2.155642195
2.419286282
3.347315342
2.655200074
1.328282625
0.959310308
0.886681455
1.882353361
1.642543579
2.004121551
1.007231845
4.860161118
7.570617481
6.176966633
4.431350806
4.005282165
6.373152392
4.268914415
4.298779576
5.26388678
3.569741158
3.000062519
2.657626941
2.237114705
2.510058722
2.604714716
2.651152465
3.03946451
2.545842765
2.262974162
3.71537843
2.128601155
1.03382687
0.643046733
2.606017525
1.338830289
1.443526271
1.4032178
3.631140521
2.906482148
2.323163941
1.910104961
2.134692882
2.419462664
2.400656706
2.826300148
2.171600222
3.737697355
6.113199478
4.648577498
3.060531973
2.639347952
2.332084306
2.65639216
1.079644126
0.505851946
0.225315162
3.72224869
2.800488963
1.889336873
1.506027217
1.626433497
3.58361836
2.977542097
2.576537508
2.155543637
2.419637766
3.347315342
2.669723754
1.328339713
0.960382177
0.887039062
1.895587757
1.642488096
2.004824167
1.007329914
4.860161037
7.58210036
6.176196779
4.440839962
4.005349213
6.387139907
4.268946469
4.299055659
5.263337526
3.569741158
2.993663226
2.657673009
2.238128342
2.510208138
2.601278702
2.651573609
3.039649
2.545858221
2.262974216
3.724401869
2.129019933
1.040225618
0.643768967
2.618229712
1.338372164
1.444322084
1.403592714
3.631140521
2.910958793
2.323117683
1.910604936
2.134826869
2.419692569
2.401161253
2.826578598
2.171555596
3.737697436
6.123229044
4.648344
3.069122921
2.639673042
2.332084306
2.66741686
1.080069216
0.50954407
0.226014593
3.722249561
2.813487794
1.889219839
1.505992468
1.626600981
3.583614985
2.973378514
2.576497535
2.15643828
2.419776406
3.347404322
2.684849669
1.324907372
0.964159472
0.884963788
1.906704049
1.640933368
2.002544592
1.005002965
4.859462449
7.579355967
6.193336961
4.43519221
4.046198312
6.390876712
4.26259896
4.312618165
5.299727095
3.570965762
3.013979911
2.658853722
2.237964205
2.509750394
2.611202853
2.651085526
3.038289321
2.545644969
2.262869889
3.760485206
2.125833443
1.043162855
0.648082237
2.642531857
1.335532696
1.446978231
1.401976516
3.631144494
2.928506841
2.322963369
1.911247579
2.13401375
2.430601895
2.400365304
2.824777828
2.170897607
3.7372204
6.141243025
4.65280587
3.067336165
2.664676223
2.33210553
2.692923853
1.076303948
0.513645856
0.223986204
3.722410813
2.824725719
1.887430661
1.50822543
1.625276023
3.584287342
2.994400046
2.577383852
2.156427396
2.419237193
3.347404213
2.649665383
1.326620985
0.959206063
0.885395001
1.884990052
1.642946248
2.004428029
1.00571924
4.859462449
7.515091857
6.258981947
4.442199151
4.037172831
6.354298788
4.272098864
4.298639412
5.333766315
3.570952809
2.988309326
2.661249297
2.236961017
2.509798721
2.598934284
2.651296547
3.040136295
2.546121079
2.262869889
3.635600866
2.113975134
1.037793254
0.647147431
2.576032281
1.340169832
1.443445373
1.402437035
3.631144494
2.906449658
2.326311873
1.90949266
2.134098376
2.417146491
2.400864408
2.826803361
2.171543324
3.7372204
6.03778547
4.678590877
3.068552007
2.65899677
2.332105476
2.61184691
1.068469276
0.50739802
0.224550832
3.72241046
2.809402743
1.891337317
1.505160084
1.625459806
3.584290771
2.967597347
2.580092108
2.155266874
2.419292568
3.347315451
2.670729609
1.326357964
0.960852873
0.88523734
1.895167156
1.64172676
2.003514773
1.00531464
4.860163486
7.583482896
6.174593453
4.439294023
4.002657828
6.386643796
4.268947721
4.297864769
5.261056346
3.56974396
2.99680743
2.65715796
2.237301971
2.509787619
2.603487881
2.651181934
3.039384754
2.545394927
2.262974897
3.727892116
2.126504657
1.039790705
0.640800138
2.619123784
1.338243402
1.442823901
1.400636102
3.631155759
2.910957841
2.322228182
1.910055193
2.134084771
2.420909826
2.400556107
2.826112501
2.170700708
3.737698225
6.125961464
4.646324373
3.067978291
2.636791125
2.332084551
2.669908191
1.077598539
0.509682221
0.223489848
3.72225084
2.813079765
1.887853493
1.506104496
1.625432786
3.583560155
2.975737518
2.575919927
2.155642195
2.419286282
3.347315342
2.669723782
1.328339713
0.960382177
0.887039062
1.895587757
1.642488096
2.004824167
1.007329914
4.860161118
7.58210036
6.176196779
4.440839962
4.005349213
6.38713988
4.268946469
4.299055659
5.263337526
3.569741158
2.993663226
2.657673009
2.238128342
2.510208138
2.601278702
2.651573609
3.039649
2.545858221
2.262974243
3.724401869
2.129019933
1.040225618
0.643768967
2.618229767
1.338372164
1.444322084
1.403592605
3.631140521
2.910959963
2.323117683
1.910604964
2.134826869
2.419692352
2.401161253
2.826578598
2.171555596
3.737697355
6.123229044
4.648344
3.069122921
2.639673042
2.332084251
2.66741686
1.080069216
0.509544098
0.226014593
3.722248772
2.813487821
1.889219839
1.505992468
1.626600981
3.583629761
2.973378514
2.576497535
2.15643828
2.419776406
3.347315342
2.655200074
1.328282625
0.959310308
0.886681455
1.882353361
1.642543579
2.004121551
1.007231845
4.860160819
7.570617481
6.176966633
4.431350806
4.005282165
6.373152392
4.268914415
4.298779576
5.26388678
3.569741158
3.000062519
2.657626941
2.237114705
2.510058722
2.604714716
2.651152465
3.03946451
2.545842765
2.262974216
3.71537843
2.128601155
1.03382687
0.643046733
2.606017525
1.338830289
1.443526271
1.4032178
3.631140738
2.906482148
2.323163941
1.910104961
2.134692882
2.419462664
2.400656706
2.826300148
2.171600222
3.737697355
6.113199478
4.648577498
3.060531973
2.639347952
2.332084251
2.65639216
1.079644126
0.505851946
0.225315162
3.72224869
2.800491385
1.889336873
1.506027217
1.626433497
3.58361621
2.977541389
2.576537508
2.155543637
2.419637766
3.347404213
2.649665329
1.326620985
0.959206063
0.885395001
1.884990052
1.642946248
2.004428029
1.00571924
4.859462285
7.515091857
6.258981947
4.442199151
4.037172831
6.354298706
4.272098864
4.298639412
5.333766315
3.570965762
2.988309489
2.661249297
2.236961017
2.509798721
2.598933794
2.651296547
3.040136295
2.546121841
2.262869889
3.635600866
2.113975134
1.037793254
0.647147431
2.576032281
1.340169832
1.443445373
1.402437035
3.631144766
2.906449441
2.326311873
1.90949266
2.134098376
2.417146382
2.400864408
2.826803361
2.171541147
3.7372204
6.03778547
4.678590877
3.068552007
2.65899677
2.332105476
2.61184691
1.068469276
0.50739802
0.224550832
3.72241046
2.809402743
1.891337317
1.505160084
1.625459806
3.584287369
2.967586381
2.580092108
2.155266874
2.419292568
3.347404213
2.684849669
1.324907372
0.964159472
0.884963788
1.906704049
1.640933368
2.002544592
1.005002965
4.859462367
7.579355967
6.193336961
4.43519221
4.046198312
6.390876658
4.26259896
4.312618165
5.299727204
3.570952809
3.013979911
2.658853722
2.237964205
2.509750394
2.611202853
2.651085526
3.038289321
2.545644914
2.262869808
3.760485206
2.125833443
1.043162855
0.648082237
2.642531693
1.335532696
1.446978231
1.401976516
3.631143133
2.92851095
2.322963369
1.911247579
2.13401375
2.430601895
2.400365304
2.824777828
2.170897607
3.7372204
6.141243025
4.65280587
3.067336165
2.664676223
2.33210553
2.692923853
1.076303948
0.513645856
0.223986204
3.722409698
2.824725801
1.887430661
1.50822543
1.625276023
3.584290798
2.994895613
2.577383852
2.156427396
2.419237193
3.347315451
3.468118984
3.534122966
2.947137423
2.618544544
3.168479371
3.602778686
3.005427168
3.135067474
4.860163486
7.160464473
7.571196749
5.79447064
6.492713934
6.61526504
5.378329661
5.392224495
7.258496971
3.56974396
3.937991077
3.372333543
3.63388056
3.193578008
3.781752589
3.911547699
3.379241845
3.281258789
2.262974842
3.879853006
4.837042217
2.751808756
3.046240429
3.353922962
2.601713452
2.521133
4.154051151
3.631155759
3.891025244
3.417548184
3.506922632
3.061814999
3.671608938
3.930182091
3.317808713
3.248441098
3.737698225
5.881534275
6.497424866
4.537456971
5.119353784
2.332084551
3.175481496
3.638015407
2.442402489
2.401346668
3.722250922
3.772169882
3.490275487
3.305238238
2.879927342
3.583620292
3.943990775
3.380310802
3.604850586
3.161957139
3.347315342
3.47538473
3.54326012
2.955768181
2.627664637
3.178006132
3.605449582
3.011865589
3.143009848
4.860161037
7.164702967
7.572967069
5.801427785
6.492893391
6.621623489
5.379543734
5.393376799
7.263338597
3.569741158
3.937098583
3.372419421
3.634846224
3.194080813
3.783010091
3.911614856
3.379712432
3.281192829
2.262974162
3.886767077
4.835847137
2.760854618
3.0519241
3.363877262
2.602379931
2.523740359
4.153145351
3.631140521
3.893727814
3.418923564
3.509380003
3.06361468
3.67482174
3.930592406
3.319206107
3.24932385
3.737697436
5.886930598
6.504183561
4.545430801
5.121181874
2.332084251
3.182573852
3.644610973
2.451160159
2.410346815
3.72224869
3.77819037
3.49532808
3.310552219
2.884887989
3.583652428
3.945298046
3.38059415
3.606079598
3.162732244
3.347315342
3.479555604
3.541957584
2.9570142
2.627384527
3.181388242
3.606085639
3.011222975
3.14288435
4.860161037
7.170868054
7.569664933
5.805806362
6.492771268
6.629297644
5.380143219
5.393092771
7.259873684
3.569741158
3.936779724
3.373034417
3.635450634
3.195046504
3.783757305
3.912112463
3.380483428
3.28200086
2.262974216
3.894572878
4.833114255
2.765048024
3.050967143
3.371725867
2.603208424
2.523550834
4.152384559
3.631140521
3.894782566
3.419827677
3.510078428
3.064766086
3.675809554
3.931196054
3.31988562
3.250384971
3.737697355
5.894121295
6.500307844
4.549826439
5.120560347
2.332084251
3.189067268
3.641532483
2.454347193
2.409567193
3.72224869
3.779879221
3.495725768
3.311375107
2.885730142
3.583613843
3.946123819
3.381319786
3.606734295
3.163737718
3.347404213
3.458482862
3.535749177
2.945055183
2.617138823
3.160493595
3.607061344
3.001156156
3.135629
4.859462367
6.916471055
7.587999514
5.761064403
6.494964311
6.451621297
5.419766707
5.357509164
7.279962042
3.570965762
3.937320353
3.370533726
3.633737185
3.194309113
3.781951992
3.911389685
3.386041629
3.280493724
2.262869889
3.824285967
4.852241193
2.741637149
3.04723559
3.309746012
2.611384377
2.507601106
4.172511094
3.631142834
3.888490404
3.418274201
3.506460263
3.061751842
3.669338016
3.929855477
3.319064147
3.248967522
3.7372204
5.721724399
6.511606803
4.513014935
5.122897364
2.33210553
3.157117472
3.646490409
2.43842405
2.399890853
3.722409698
3.763784595
3.493027961
3.304092519
2.879182849
3.584292866
3.945096875
3.378774441
3.604672245
3.162440951
3.347404213
3.477675243
3.535984552
2.94965376
2.620534566
3.174207041
3.609196373
3.01307901
3.13748381
4.859462367
7.290506604
7.61256634
5.874880016
6.47430142
6.762006045
5.391071946
5.397410558
7.257711281
3.570952809
3.937716654
3.370164446
3.633795444
3.194612325
3.781927474
3.91160691
3.380647674
3.280650405
2.262869889
3.942290959
4.851937845
2.778840082
3.048262316
3.40827307
2.601828228
2.52305124
4.170438867
3.631143133
3.891892813
3.413647243
3.507123613
3.062851194
3.672187824
3.929993274
3.323899079
3.246937418
3.7372204
5.994967193
6.512210316
4.597217987
5.110387379
2.332105449
3.202519978
3.649269033
2.451597984
2.405105433
3.722410623
3.774852016
3.488270689
3.306103983
2.881076353
3.584289464
3.944642533
3.377567307
3.604833062
3.163000817
3.347315451
1.825365445
2.691417479
1.299143753
1.25725933
1.476298791
2.313550867
1.908596928
2.021239094
4.860163486
6.433135205
8.022243237
4.36119897
4.822973015
5.561982305
4.552950289
4.544892894
6.645214773
3.56974396
2.955576833
3.007331965
2.736617263
2.417259335
2.80769449
3.209857642
2.795362901
2.681937711
2.262974897
2.569420716
3.806321619
1.079995502
1.400838851
1.859170949
1.733561544
1.62057154
2.794208283
3.631155759
2.679457837
2.945042122
2.412098224
2.118295887
2.492013258
3.039996049
2.576187221
2.516783322
3.737698225
4.955114093
6.339898074
3.025452341
3.44651141
2.332084469
1.592654388
2.696491895
0.676281378
0.844898911
3.722251683
2.312690291
2.84598551
1.964489737
1.751689948
3.583622305
2.888940468
2.991923219
2.658679762
2.342753821
3.347315342
1.831687268
2.675844515
1.304727477
1.259019446
1.482905649
2.316542743
1.911630764
2.009629956
4.860161037
6.440936925
7.973870923
4.368576825
4.81333028
5.569196812
4.555829213
4.545880925
6.624543664
3.569741158
2.956897818
3.009000489
2.737594628
2.417628425
2.808988972
3.210196854
2.795590602
2.682336135
2.262974162
2.576527875
3.790330476
1.087873059
1.396457772
1.867587638
1.736424495
1.62304649
2.778770885
3.631140521
2.68236359
2.940363816
2.414202886
2.119625743
2.494820208
3.040880706
2.576920884
2.515831835
3.737697436
4.962497172
6.313886426
3.033196619
3.438376246
2.332084306
1.5996062
2.682223182
0.683304999
0.844306908
3.72224869
2.31766253
2.832061288
1.968339413
1.753909903
3.58361836
2.890611578
2.992939468
2.659868338
2.343315918
3.347315342
1.832457148
2.683988332
1.305510201
1.258624941
1.483469135
2.317900871
1.911509457
2.015925928
4.860161037
6.439518143
7.996747619
4.368665369
4.820677576
5.56836791
4.556347092
4.545267644
6.635905563
3.569741158
2.957085411
3.005786734
2.737861704
2.419879318
2.809179476
3.210521264
2.796288945
2.6819425
2.262974216
2.577854194
3.797414615
1.089162806
1.399334192
1.868520649
1.737879114
1.621951846
2.78799808
3.631140521
2.682380978
2.940103407
2.414528248
2.121465914
2.494915964
3.041377171
2.57769286
2.514832484
3.737697355
4.962231647
6.315616991
3.033712594
3.444284162
2.332084306
1.601185172
2.689640356
0.684700515
0.844723345
3.72224869
2.317763782
2.838930133
1.968767061
1.754530613
3.583619285
2.890757184
2.989503699
2.660168231
2.345503084
3.347404213
1.825355622
2.697821751
1.297626168
1.259529135
1.475263957
2.311928683
1.906010794
2.031734186
4.859462449
6.425994086
7.924055255
4.419418701
4.795019644
5.591120715
4.58784777
4.525752268
6.626647619
3.570963476
2.956364673
3.027323832
2.736475385
2.417910303
2.807027277
3.207156324
2.795235744
2.69300701
2.262869889
2.566846691
3.804211488
1.09229988
1.395362583
1.863112381
1.743315926
1.612088103
2.801091306
3.631144494
2.67953381
2.974179851
2.411781733
2.119449253
2.491098097
3.03675892
2.575679191
2.532016856
3.7372204
4.949144163
6.337214552
3.066278474
3.427801425
2.332105476
1.592394577
2.693401978
0.676026383
0.845469634
3.72241046
2.312497719
2.86128329
1.963767176
1.753573956
3.584275777
2.889263436
3.016562997
2.658497475
2.343513225
3.347404213
1.825189172
2.67565178
1.300264302
1.256615245
1.476699364
2.316355559
1.910809835
2.015376783
4.859462449
6.60251851
7.93084625
4.438728633
4.829544852
5.698596246
4.566356523
4.545268923
6.652670968
3.570952809
2.956342415
3.002558965
2.73667642
2.417083116
2.806210974
3.211236478
2.795521486
2.680062002
2.262869889
2.576205071
3.72501262
1.101954697
1.402434232
1.887438852
1.738283551
1.622083846
2.765771428
3.631144766
2.679122135
2.94389243
2.412202197
2.118026607
2.490421006
3.04280115
2.576795115
2.515801576
3.7372204
5.034914051
6.273259015
3.081390048
3.451159402
2.33210553
1.590265126
2.645039813
0.681761346
0.844643481
3.722410813
2.31232044
2.846385458
1.964765411
1.751231552
3.584286036
2.889013013
2.987752807
2.658754429
2.342566745
3.347315451
1.22098557
2.674465924
0.806380298
0.906792915
0.909726696
1.945103124
1.591828071
1.875213629
4.860163486
6.151947669
7.549109743
3.943176677
4.368599764
5.218630778
4.250140621
4.215475222
6.341622217
3.56974396
2.600278017
2.991078399
2.467069505
2.204601179
2.49489844
3.007443856
2.624070717
2.586427292
2.262974897
2.029520081
3.718403123
0.556526229
0.974525584
1.304435993
1.387040534
1.284025947
2.592481385
3.631155759
2.252194279
2.903477945
2.081763541
1.872098841
2.108334539
2.786319951
2.367836893
2.401213144
3.737698225
4.592195217
6.095479239
2.567809498
2.999078624
2.332084551
0.964926876
2.674076889
0.136299845
0.44909312
3.722250922
1.800569911
2.809845302
1.560873409
1.460943352
3.583589461
2.515800298
2.969005108
2.374202281
2.121601779
3.347315451
1.466566859
2.670140464
0.994456118
1.036963863
1.134286807
2.084736343
1.711380008
1.924679227
4.860163486
6.231349939
7.63602165
4.092587244
4.538548078
5.335375138
4.36472606
4.342418265
6.450291386
3.56974396
2.736697236
3.002435182
2.569315464
2.283072043
2.615131386
3.083968862
2.688921741
2.62493785
2.262974897
2.253363944
3.743626087
0.757392852
1.132379833
1.528784184
1.520013562
1.413136346
2.660121754
3.631155759
2.418601055
2.921505559
2.207035557
1.963249106
2.256462297
2.881753037
2.446310152
2.446865828
3.737698225
4.726282182
6.165113358
2.736680229
3.165495276
2.332084551
1.224926839
2.669439481
0.343615311
0.595490177
3.722250922
2.005128739
2.819803032
1.714681355
1.569191921
3.583589516
2.659530759
2.98261322
2.482158957
2.203291405
3.347315451
2.258958716
2.780388551
1.711644934
1.576566183
1.909821668
2.639502293
2.180251933
2.200008506
4.860163486
6.731363683
8.418122498
4.735042899
5.235005487
5.887375579
4.803509204
4.80689349
7.069730999
3.56974396
3.229207792
3.029805557
2.967268012
2.61031308
3.059870256
3.383107848
2.941287793
2.786349257
2.262974897
2.956408619
3.988907647
1.512095352
1.786065142
2.267494181
2.0146241
1.892672751
3.047203672
3.631155759
3.007710497
2.984800032
2.694270906
2.344603896
2.800993945
3.259498724
2.757105241
2.636448076
3.737698225
5.283443434
6.68496735
3.419825092
3.849166563
2.332084469
2.028256321
2.816507698
1.122440825
1.205492035
3.722250922
2.701387807
2.914872579
2.309775123
2.015419096
3.583622305
3.175184678
3.016760141
2.90195598
2.544361262
3.347315451
2.805256984
3.039762198
2.256809972
2.010257469
2.46678213
3.072664433
2.534536976
2.541267834
4.860163486
6.992800658
8.295242955
5.223292757
5.830561351
6.269988824
5.101360456
5.112332748
7.620928661
3.569742682
3.562084146
3.138182861
3.264942665
2.865077836
3.381610834
3.609458442
3.127008038
2.981746768
2.262974897
3.412943076
4.33740072
2.069170971
2.340355361
2.779515813
2.335250224
2.211849618
3.515061959
3.631155759
3.400899814
3.115214682
3.057625104
2.65273892
3.187091831
3.546155479
2.993611662
2.868461198
3.737698225
5.613260836
7.101388902
3.929933818
4.432930785
2.332084469
2.564382082
3.126219871
1.706559879
1.71278366
3.72225084
3.180741872
3.10067862
2.757816428
2.380738363
3.583588128
3.52206588
3.129319776
3.215784306
2.812733859
3.347315451
3.872587833
3.84483332
2.988968839
3.29109611
3.507065925
3.281368803
3.575552801
3.553453279
4.860163486
7.367279991
7.243097368
6.416324113
6.09719492
6.98930097
5.456014562
5.455811568
6.786897933
3.56974396
3.53717457
3.72858088
3.400609936
3.635481981
3.471679843
3.568317016
3.769477081
3.687104786
2.262974897
4.445781697
4.138494786
3.426834074
3.129133108
4.008211838
2.622329322
2.653168636
3.663952742
3.631155759
3.632759113
3.883239769
3.31682879
3.601468776
3.491434975
3.536327846
3.780076637
3.7638422
3.737698225
6.222859046
6.02791117
5.214722271
4.866353906
2.332084551
3.965332145
3.514570801
2.793136578
2.851966407
3.722251683
3.770154907
4.099988554
3.190509287
3.589692834
3.583590849
3.558244565
3.763059694
3.381190805
3.628205433
3.347315451
3.256271472
3.122865354
2.290396156
2.587779896
2.808700372
2.755419085
3.327606986
2.802597435
4.860163486
7.884603441
7.084610028
6.16120028
5.502527875
7.616796018
5.264815627
5.24984008
6.447609824
3.56974396
3.238552703
3.758366558
3.018033235
3.440149641
3.118747649
3.239612
3.749580725
3.575595359
2.262974897
4.571601661
3.643793581
2.679808478
2.397868477
3.819747717
2.375725008
2.48536776
3.060407973
3.631155759
3.243294655
3.635498254
2.842359318
3.271506094
3.040237356
3.140268611
3.723170082
3.418456079
3.737698225
6.866584911
5.752592312
4.771205203
4.225246746
2.332084551
3.356724089
2.861526066
2.037489938
2.058610518
3.722251683
3.266157228
3.462770118
2.610614796
3.020363966
3.583618278
3.235887331
3.729294516
2.975104889
3.400619487
3.347315451
2.723857944
2.033519608
1.403568713
1.492318859
2.09720075
2.035363181
2.462835936
1.682372048
4.860163486
8.22790773
6.578322788
5.007618997
4.536254544
6.830892922
4.669771928
4.670994029
5.710380432
3.569742682
3.012277891
3.087738538
2.506014787
2.843902753
2.725538631
2.863511217
3.290554556
2.92700112
2.262974897
3.87676249
2.750655799
1.578051523
1.283158787
2.897055496
1.749796062
1.866296313
2.053935151
3.631155759
2.960094431
2.83692705
2.221930858
2.54344466
2.5671677
2.660211796
3.142122143
2.63809494
3.737698225
6.50098986
5.110702129
3.629788352
3.210407631
2.332084469
2.737291089
1.801317479
1.010326008
0.885824037
3.72225084
2.871425047
2.497053796
1.872542734
2.124688431
3.583580074
2.998672962
3.026990008
2.43528469
2.771822474
3.347315451
2.675870747
1.634909506
1.135495792
1.132788569
1.965710994
1.80049187
2.188272293
1.292286118
4.860163486
7.786260275
6.314552823
4.666504785
4.212628489
6.530924083
4.435057516
4.4502969
5.436912141
3.56974396
3.005435331
2.837046017
2.342840352
2.644928792
2.650015888
2.737061673
3.140891607
2.703203597
2.262974897
3.767862517
2.403072716
1.252539799
0.904150047
2.717955687
1.507781945
1.617532371
1.683561659
3.631155759
2.932948574
2.53849838
2.032204909
2.299879516
2.478303349
2.504913068
2.953160496
2.364205123
3.737698225
6.223339293
4.83015144
3.29175565
2.866922334
2.332084469
2.676825417
1.398904884
0.707157237
0.495009941
3.722251683
2.830651051
2.148191116
1.650761002
1.827937102
3.583584128
2.987659908
2.764788839
2.265358879
2.562009718
3.347315451
2.67903895
1.155384829
0.873971333
0.758499278
1.864261828
1.561765495
1.909951627
0.851021005
4.860163486
7.523244572
6.152351753
4.326165407
3.91198302
6.312471671
4.183020308
4.221702024
5.203182576
3.56974396
2.987008042
2.565868973
2.1849833
2.441236198
2.575193285
2.607801505
2.988263938
2.464644815
2.262974897
3.713026148
1.968115249
0.935635595
0.505861959
2.577925623
1.251045317
1.353261207
1.245054598
3.631155759
2.899209845
2.209535023
1.849301574
2.050000195
2.38844079
2.348133843
2.762413999
2.070446622
3.737698225
6.076524628
4.566148685
2.957289875
2.527832349
2.332084469
2.678586051
0.894120589
0.412548937
0.08315268
3.722251683
2.809838064
1.746871179
1.433747917
1.521972672
3.583588128
2.964705661
2.479363081
2.101288822
2.347004533
3.347315451
2.679038923
1.155384829
0.873971333
0.758499278
1.864261828
1.561765495
1.909951627
0.851021005
4.860163486
7.523244572
6.152351753
4.326165407
3.91198302
6.312471671
4.183020308
4.221702024
5.203182576
3.56974396
2.987008042
2.565868973
2.1849833
2.441236198
2.575193149
2.607801505
2.988263938
2.464644815
2.262974897
3.713026148
1.968115249
0.935635595
0.505861959
2.577925623
1.251045317
1.353261207
1.245054598
3.631155759
2.899209845
2.209535023
1.849301574
2.050000195
2.38844079
2.348133843
2.762413999
2.070446622
3.737698225
6.076524628
4.566148685
2.957289875
2.527832349
2.332084551
2.678586023
0.894120589
0.412548937
0.08315268
3.722250922
2.809838064
1.746871179
1.433747917
1.521972672
3.583627258
2.964705661
2.479363081
2.101288822
2.347004533
3.347315451
2.675870828
1.634909506
1.135495792
1.132788569
1.965710994
1.80049187
2.188272293
1.292286118
4.860163486
7.786260275
6.314552823
4.666504785
4.212628489
6.530924083
4.435057516
4.4502969
5.436912141
3.56974396
3.005435331
2.837046017
2.342840352
2.644928792
2.650014065
2.737062
3.140891607
2.703203706
2.262974897
3.767862517
2.403072716
1.252539799
0.904150047
2.717955687
1.507781945
1.617532371
1.683561659
3.631155759
2.932948574
2.53849838
2.032204909
2.299879516
2.478303703
2.504913068
2.953160496
2.364205123
3.737698225
6.223339293
4.83015144
3.29175565
2.866922334
2.332084551
2.676825417
1.398904884
0.707157237
0.495009941
3.722251792
2.830651051
2.148191116
1.650761002
1.827937102
3.583582768
2.987659908
2.764788839
2.265358879
2.562009718
3.347315451
2.723857944
2.033519608
1.403568713
1.492318859
2.09720075
2.035363181
2.462835936
1.682372048
4.860163486
8.22790773
6.578322788
5.007618997
4.536254544
6.830892922
4.669771928
4.670994029
5.710380432
3.56974396
3.012277891
3.087738538
2.506014787
2.843902753
2.725538631
2.863511217
3.290554556
2.92700112
2.262974897
3.87676249
2.750655799
1.578051523
1.283158787
2.897055496
1.749796062
1.866296313
2.053935151
3.631155759
2.960094431
2.83692705
2.221930858
2.54344466
2.5671677
2.660211796
3.142122143
2.63809494
3.737698225
6.50098986
5.110702129
3.629788352
3.210407631
2.332084551
2.737291089
1.801317479
1.010326008
0.885824037
3.72225084
2.871425047
2.497053796
1.872542734
2.124688431
3.583612645
2.998671329
3.026990008
2.43528469
2.771822474
3.347315451
3.256271472
3.122865354
2.290396156
2.587779896
2.808700372
2.755419085
3.327606986
2.802597435
4.860163486
7.884603441
7.084610028
6.16120028
5.502527848
7.616796018
5.264815627
5.24984008
6.447609824
3.56974396
3.238552839
3.758366558
3.018033235
3.440149641
3.118747649
3.239612
3.749580725
3.575595359
2.262974897
4.571601661
3.643793581
2.679808478
2.397868477
3.819747717
2.375725008
2.48536776
3.060407973
3.631155759
3.243294655
3.635498254
2.842359318
3.271506094
3.040237356
3.140268611
3.723170082
3.418456079
3.737698225
6.866584911
5.752592312
4.771205203
4.225246746
2.332084469
3.356724089
2.861526066
2.037489938
2.058610518
3.722251683
3.266157228
3.462770118
2.610614796
3.020363966
3.583621026
3.235887331
3.729294516
2.975104889
3.400619487
3.347315451
3.872587833
3.84483332
2.988968839
3.29109611
3.507065925
3.281368803
3.575552801
3.553453279
4.860163486
7.367279991
7.243097368
6.416324113
6.09719492
6.98930097
5.456014562
5.455811568
6.786897933
3.56974396
3.53717457
3.72858088
3.400609936
3.635481981
3.471679843
3.568317016
3.769477081
3.687104786
2.262974897
4.445781697
4.138494786
3.426834074
3.129133108
4.008211838
2.622329322
2.653168636
3.663952742
3.631155759
3.632759113
3.883239769
3.31682879
3.601468776
3.491434975
3.536327846
3.780076637
3.7638422
3.737698225
6.222859046
6.02791117
5.214722271
4.866353906
2.332084469
3.965332145
3.514570801
2.793136578
2.851966407
3.722250922
3.770154907
4.099988554
3.190509287
3.589692834
3.583589461
3.558244565
3.763059694
3.381190805
3.628205433
3.347315451
2.805256984
3.039762198
2.256809972
2.010257469
2.466782729
3.072664433
2.534536976
2.541267834
4.860163486
6.992800658
8.295242955
5.223292757
5.830561351
6.269988824
5.101360456
5.112332748
7.620928661
3.56974396
3.562084146
3.138182997
3.264942665
2.865077836
3.381610834
3.609458442
3.127008038
2.981746632
2.262974897
3.412943076
4.33740072
2.069170971
2.340355361
2.779515813
2.335250224
2.211849618
3.515061959
3.631155759
3.400899814
3.115214682
3.057625104
2.65273892
3.187091831
3.546155479
2.993611662
2.868461198
3.737698225
5.613260836
7.101388902
3.929933818
4.432930785
2.332084551
2.564382082
3.126219871
1.706559879
1.71278366
3.72225084
3.180741872
3.100678566
2.757816428
2.380738363
3.583586795
3.52206588
3.129319776
3.215784306
2.812733859
3.347315451
2.258958716
2.780388497
1.711644934
1.576566183
1.909821668
2.639502293
2.180251933
2.200008506
4.860163486
6.731363683
8.418122498
4.735042899
5.235005487
5.887375579
4.803509204
4.80689349
7.069730999
3.56974396
3.229207792
3.029805557
2.967268012
2.61031308
3.059870256
3.383107848
2.941287793
2.786349257
2.262974897
2.956408619
3.988907647
1.512095352
1.786065142
2.267494181
2.0146241
1.892672751
3.047203672
3.631155759
3.007710878
2.984800032
2.694270906
2.344603896
2.800993945
3.259498724
2.757105241
2.636448076
3.737698225
5.283443434
6.68496735
3.419825092
3.849166563
2.332084551
2.028256321
2.816507698
1.122440825
1.205492035
3.72225084
2.701387807
2.914872633
2.309775123
2.015419096
3.583588183
3.175184678
3.016760141
2.90195598
2.544361018
3.347315451
1.466566859
2.670140464
0.994456118
1.036963863
1.134286807
2.084736343
1.711380008
1.924676398
4.860163486
6.231349939
7.63602165
4.092587244
4.538548078
5.335375138
4.36472606
4.342418265
6.450291386
3.56974396
2.736697236
3.002435182
2.569315464
2.283072043
2.615131386
3.083968862
2.688921741
2.624939074
2.262974897
2.253363944
3.743626087
0.757392852
1.132379833
1.528784184
1.520013562
1.413136346
2.660121836
3.631155759
2.418601517
2.921501559
2.207035557
1.963249242
2.256462297
2.881753037
2.446310152
2.44686678
3.737698225
4.726282182
6.165113276
2.736680229
3.165495276
2.332084551
1.224926839
2.669439481
0.343615311
0.595490177
3.722251792
2.005128739
2.819804528
1.714681355
1.569191921
3.583584101
2.659530759
2.98261322
2.482158957
2.203291405
3.347315451
1.22098557
2.674465897
0.806380298
0.906792915
0.909726696
1.945103124
1.591828071
1.875213629
4.860163486
6.151947669
7.549109743
3.943176677
4.368599764
5.218630669
4.250140621
4.215475222
6.341622217
3.56974396
2.600278371
2.991078399
2.467069505
2.204601179
2.49489844
3.007443856
2.624070717
2.586427292
2.262974897
2.029520081
3.718403123
0.556526229
0.974525584
1.304435993
1.387040534
1.284025947
2.592483317
3.631155759
2.252194225
2.903468204
2.081763541
1.872098623
2.108334539
2.786319951
2.367836893
2.401214368
3.737698225
4.592195217
6.09547913
2.567809498
2.999078624
2.332084469
0.964926876
2.674076834
0.136299845
0.44909312
3.722251683
1.800569911
2.809847098
1.560873409
1.460943352
3.583612645
2.515800298
2.969005108
2.374202281
2.121601779