4.967315451
4.335093632
4.843463042
3.851427645
4.179152594
4.088821
4.268234135
4.400704173
4.524111964
6.289163486
9.24502299
9.688399155
6.649436889
7.650358137
8.366024579
6.063173602
6.504040371
8.982727343
5.54074396
5.11961766
4.909325422
4.987449794
4.794113094
5.036537044
5.24987455
5.033356883
4.821121757
3.795974897
5.175432168
5.827572155
3.48876654
4.336695595
4.566414564
3.34093754
3.790967066
5.26560258
5.627155759
4.99423986
4.897576074
4.812531852
4.676634303
4.876876419
5.156428468
4.94655504
4.765024989
5.200698225
7.690237857
8.210913988
5.351943777
6.315457054
3.902084551
4.137981602
4.807753842
3.166648442
3.805208231
5.712251683
4.758974532
4.913477305
4.493060373
4.511973947
5.560586795
5.091354813
4.90516228
4.947785555
4.764219159
4.967314172
4.335094448
4.843044024
3.851425876
4.17917556
4.088820456
4.268227469
4.400704091
4.523674307
6.289161254
9.245022691
9.688697061
6.649437107
7.649810357
8.366025422
6.063171997
6.504031581
8.984168298
5.540741158
5.119620871
4.909317776
4.987442283
4.795093692
5.036535738
5.249880591
5.03335204
4.821125022
3.795974298
5.175432549
5.827781544
3.488763166
4.335987542
4.566413503
3.340928832
3.79095561
5.26603684
5.627140521
4.994241847
4.896286032
4.811535199
4.676625187
4.876876365
5.156420604
4.946551367
4.765022159
5.200697355
7.690238592
8.212132138
5.351943478
6.314863668
3.902084251
4.137981629
4.809143531
3.166645503
3.805358654
5.71224869
4.758973852
4.912841987
4.493059964
4.511973185
5.560611149
5.091354132
4.905161981
4.94779048
4.764213826
4.967314172
4.335094448
4.843044024
3.851425876
4.17917556
4.088820456
4.268227469
4.400704091
4.523674307
6.289161254
9.245022691
9.688697061
6.649437107
7.649810357
8.366025422
6.063171997
6.504031581
8.984168134
5.540741158
5.119620871
4.909317776
4.987442283
4.795093692
5.036535738
5.249880591
5.03335204
4.821125022
3.795974216
5.175432549
5.827781544
3.488763166
4.335987542
4.566413503
3.340928832
3.79095561
5.26603684
5.627140521
4.994241847
4.896286032
4.811535199
4.676625187
4.876876365
5.156420604
4.946551367
4.765022159
5.200697355
7.690238592
8.212132138
5.351943478
6.314863668
3.902084306
4.137981629
4.809143531
3.166645503
3.805358654
5.71224869
4.758973852
4.912841987
4.493059964
4.511973185
5.560616346
5.091354132
4.905161981
4.94779048
4.764213826
5.032218041
4.43266914
5.015211178
3.954261463
4.307273767
4.189612891
4.363070951
4.504545916
4.686181286
6.351422425
9.298745615
9.809243291
6.713434596
7.783436475
8.432219955
6.124516887
6.575901267
9.136296413
5.651029241
5.227221494
4.95204934
5.096105515
4.875634039
5.144351433
5.353305187
5.137779141
4.887402717
3.869195307
5.251655945
5.968473573
3.569142468
4.479694082
4.646455235
3.416237952
3.879596205
5.437038994
5.738447524
5.099624022
5.016525807
4.921502515
4.774866357
4.983962757
5.259035406
5.051181893
4.888104579
5.266840068
7.752195269
8.337024854
5.41993143
6.453217247
3.980992299
4.228201331
4.975164601
3.261
3.944967918
5.819041251
4.860138635
5.034057567
4.601090462
4.625878485
5.672263941
5.198387021
4.971610624
5.056087474
4.848212667
5.025425375
4.417030746
4.996316366
3.94034685
4.291626105
4.174865053
4.35083552
4.492776678
4.668643094
6.343506221
9.286100332
9.802079159
6.70285168
7.769478324
8.419738046
6.116028797
6.564493029
9.122652606
5.640971399
5.215021483
4.94831278
5.084750565
4.86638567
5.132114034
5.343598099
5.127063151
4.881876532
3.859814479
5.236971292
5.958662829
3.556304427
4.459790176
4.63178152
3.40568203
3.866562558
5.417608946
5.728327777
5.08721547
5.01083902
4.908821418
4.765784433
4.971473442
5.247943804
5.041679019
4.879208003
5.258124299
7.738936898
8.329183644
5.409618502
6.436245495
3.970730165
4.211785169
4.958439739
3.247395456
3.925652894
5.809015028
4.846662441
5.032630605
4.587274239
4.614975003
5.661240765
5.186355936
4.968557574
5.043853286
4.839797685
5.025805916
4.420386521
5.009877219
3.942101266
4.300580426
4.177298489
4.351178347
4.494874388
4.682879627
6.3454774
9.288553278
9.814545998
6.70453864
7.779963694
8.421187536
6.117079161
6.569669162
9.137968677
5.64184035
5.217042486
4.948112085
5.086979976
4.866263442
5.135223064
5.345076409
5.128150961
4.880759288
3.860889877
5.239408482
5.96775866
3.55810785
4.473189142
4.634259799
3.405970244
3.872154443
5.432526531
5.729060701
5.088994131
5.016377117
4.910872026
4.764899672
4.973320023
5.249368318
5.041606529
4.884033118
5.260102798
7.741370824
8.339005823
5.410343993
6.448052304
3.971960039
4.215192454
4.969864307
3.248199696
3.938186083
5.810534509
4.849163931
5.037003007
4.589146153
4.617951683
5.663034071
5.18938766
4.968133568
5.046071814
4.839486151
5.025805916
4.420386521
5.009877192
3.942101266
4.300580426
4.177298489
4.351178347
4.494874388
4.682879627
6.3454774
9.288553278
9.814545998
6.70453864
7.779963694
8.421187482
6.117079161
6.569669162
9.137968677
5.64184035
5.217042486
4.948112085
5.086979976
4.866263442
5.135223064
5.345076409
5.128150961
4.880759533
3.860889877
5.239408482
5.96775866
3.55810785
4.473189142
4.634259799
3.405970244
3.872154443
5.432526422
5.729060701
5.088994131
5.016377117
4.910872026
4.764899672
4.973320023
5.249368318
5.041606529
4.884032955
5.260102744
7.741370824
8.339005823
5.410343993
6.448052304
3.971960039
4.215192454
4.969864307
3.248199696
3.938186083
5.810534454
4.849163931
5.037002952
4.589146153
4.617951683
5.663032302
5.18938766
4.968134302
5.046071814
4.839486151
5.025425375
4.417030746
4.996316421
3.94034685
4.291626105
4.174865053
4.35083552
4.492776678
4.668643094
6.343506194
9.286100332
9.802079159
6.70285168
7.769478324
8.419738101
6.116028797
6.564493029
9.122652606
5.640971399
5.215021483
4.94831278
5.084750565
4.86638567
5.132114034
5.343598099
5.127063151
4.881876532
3.859814588
5.236971292
5.958662829
3.556304427
4.459790176
4.63178152
3.40568203
3.866562558
5.417609055
5.728327777
5.08721547
5.010838748
4.908821418
4.765784433
4.971473442
5.247943804
5.041679019
4.879208003
5.258124299
7.738936898
8.329183644
5.409618502
6.436245495
3.970730219
4.211785169
4.958438488
3.247395456
3.925652894
5.809017531
4.846662441
5.032629135
4.587274239
4.614975003
5.661202534
5.186355936
4.968557574
5.043853286
4.839797685
5.032218014
4.43266914
5.015211178
3.954261463
4.307273767
4.189612891
4.363070951
4.504545916
4.686181286
6.351422425
9.298745615
9.809243291
6.713434596
7.783436475
8.432219955
6.124516887
6.575901267
9.136296413
5.651029241
5.227221494
4.952049748
5.096105515
4.875634039
5.144351433
5.353305187
5.137779141
4.887402717
3.869195307
5.251655945
5.968473573
3.569142468
4.479694082
4.646455235
3.416237952
3.879596097
5.437039402
5.738448422
5.099624022
5.016525807
4.921502515
4.774866357
4.983962757
5.259035406
5.051181893
4.888104579
5.266840177
7.752195269
8.337024854
5.41993143
6.453217247
3.980992299
4.228201331
4.975164601
3.261
3.944967918
5.819041251
4.860138635
5.034057567
4.601090462
4.625878485
5.671286607
5.198387021
4.971610924
5.056087474
4.848212667
4.966404213
4.335122503
4.844617157
3.851426529
4.178996266
4.088828755
4.269039577
4.400047739
4.525248586
6.293462258
9.251750193
9.629530479
6.653605947
7.643124694
8.368169632
6.069873565
6.501187287
8.961842206
5.540965762
5.119616027
4.909595841
4.987444569
4.794098345
5.036541398
5.250708455
5.033374271
4.821781456
3.796869889
5.17738414
5.83490293
3.488712444
4.335129552
4.566281829
3.341679335
3.789633817
5.267898289
5.627143133
4.994294582
4.897706519
4.811535879
4.676599827
4.876882487
5.157127433
4.946618224
4.765711546
5.2032204
7.696214303
8.184747119
5.35351583
6.310859337
3.90210553
4.138026473
4.812867764
3.166647925
3.805934081
5.71241046
4.759045689
4.914102229
4.493059475
4.511895335
5.561286716
5.091369833
4.906837463
4.947791269
4.764210179
4.966404458
4.33512253
4.844303305
3.851425087
4.178945382
4.088828701
4.26902491
4.400049181
4.525146953
6.293465578
9.251757323
9.624753197
6.653608287
7.642219769
8.3681717
6.069881484
6.5002539
8.960895644
5.540963993
5.11961698
4.909662535
4.98745227
4.794100468
5.036540473
5.250712808
5.033355223
4.820886681
3.796869971
5.177382426
5.832891906
3.488709587
4.335042422
4.566280523
3.341679226
3.789647368
5.266931918
5.627143351
4.994294201
4.897628669
4.811535743
4.676620453
4.876882351
5.157113174
4.946612727
4.765739165
5.203222114
7.696216153
8.181953401
5.353518469
6.309882575
3.902104877
4.138025575
4.814879623
3.166645422
3.805819468
5.712406242
4.759045199
4.914069902
4.493058985
4.511902137
5.561287015
5.09136665
4.905413543
4.947789691
4.764224275
4.966405356
4.335122857
4.844020047
3.851425768
4.179093655
4.088828592
4.269038162
4.400047984
4.524391503
6.293453659
9.250755091
9.631461267
6.653605076
7.643852044
8.368172462
6.06987011
6.501113191
8.963711221
5.54095104
5.119616272
4.909446507
4.987445005
4.795053229
5.036539302
5.250714414
5.033362706
4.821677402
3.79686959
5.177384984
5.831964599
3.488708254
4.335766752
4.566282564
3.341663716
3.78959983
5.266800583
5.627142643
4.994293003
4.896959173
4.811535879
4.676569786
4.876882596
5.157119895
4.946614659
4.765785233
5.203216944
7.696218874
8.185240082
5.353514932
6.310586388
3.902105313
4.138026827
4.811787908
3.166645367
3.80533332
5.712413888
4.759045552
4.913783021
4.493059067
4.511888559
5.561284539
5.09136782
4.905279855
4.947789718
4.764175812
4.966404213
4.335122503
4.844617048
3.851426529
4.178996266
4.088828755
4.269039577
4.400047739
4.525249294
6.293462176
9.251750193
9.629530479
6.653605947
7.643124694
8.368169714
6.069873565
6.501187287
8.961842315
5.540952809
5.119616027
4.909595841
4.987444569
4.794098345
5.036541398
5.250708455
5.033374271
4.821781456
3.796869889
5.17738414
5.834900753
3.488712444
4.335129552
4.566281829
3.341679335
3.789633817
5.267898289
5.627144494
4.994294582
4.897704342
4.811535879
4.676599827
4.876882487
5.157127433
4.946618224
4.765711138
5.2032204
7.696214303
8.184747119
5.35351583
6.310859337
3.90210553
4.138026473
4.812867818
3.166647925
3.805934081
5.712411385
4.759045689
4.915102283
4.493059475
4.511895335
5.561270798
5.091369833
4.906837463
4.947791269
4.764210179
4.966406635
4.335122857
4.844020047
3.851425768
4.179093655
4.088828592
4.269038162
4.400047984
4.524391503
6.293453659
9.250755091
9.631461267
6.653605076
7.643852044
8.368172462
6.06987011
6.501113191
8.963711221
5.540943421
5.119616272
4.909446507
4.987445005
4.795053229
5.036539302
5.250714414
5.033362706
4.821677402
3.79686959
5.177384984
5.831964599
3.488708254
4.335766724
4.566282564
3.341663716
3.78959983
5.266800583
5.627142643
4.994293003
4.896957214
4.811535879
4.676569786
4.876882596
5.157119895
4.946614659
4.765785233
5.203216944
7.696218874
8.185240082
5.353514932
6.310586388
3.902105367
4.138026827
4.811787908
3.166645367
3.80533332
5.712413888
4.759045552
4.913783021
4.493059067
4.511888559
5.561284512
5.09136782
4.905279855
4.947789718
4.764175812
4.966404349
4.33512253
4.844303305
3.851425087
4.178945382
4.088828701
4.26902491
4.400049181
4.525146953
6.293465632
9.251757323
9.624753197
6.653608287
7.642219769
8.3681717
6.069881484
6.5002539
8.960895644
5.540963993
5.11961698
4.909662535
4.98745227
4.794100468
5.036540473
5.250712808
5.033355223
4.820886681
3.796869971
5.177382426
5.832891906
3.488709587
4.335042422
4.566280523
3.341679226
3.789647368
5.266932136
5.627143568
4.994294337
4.897628669
4.811535743
4.676620453
4.876882351
5.157113174
4.946612727
4.765739165
5.203222196
7.696216153
8.181953401
5.353518469
6.309882575
3.902104877
4.138025575
4.814879623
3.166645422
3.805819468
5.712406242
4.759045199
4.914069902
4.493058985
4.511902137
5.561291015
5.09136665
4.905413543
4.947789691
4.764224275
4.92024101
4.406707788
4.758390695
3.886841349
4.156392894
4.148423055
4.3494077
4.34280007
4.467672451
6.313223488
9.416071458
9.280421437
6.875285276
7.471979992
8.669326669
6.114998749
6.460254235
8.726471902
5.642130735
5.137266947
4.863889208
4.983878168
4.80207324
5.043344612
5.242063054
5.038986329
4.804334674
3.810363585
5.364053713
5.583764525
3.638780628
4.22355071
4.783587201
3.439214729
3.721209843
5.084901605
5.6650382
5.020627947
4.847520213
4.813046667
4.680327683
4.889665139
5.165458672
4.942596322
4.747184117
5.223656268
7.880129897
7.867320636
5.557505925
6.153755652
3.899212117
4.271353882
4.652105104
3.249540371
3.747894515
5.675549086
4.798419436
4.86869207
4.504085645
4.506875671
5.652856504
5.111089764
4.856798572
4.944843968
4.770370458
4.920218479
4.403949984
4.754984314
3.882246444
4.155816801
4.148214727
4.334257393
4.3303949
4.465608999
6.33202729
9.288029435
9.163076624
6.811546552
7.473422369
8.558821071
6.091074181
6.480637901
8.700966541
5.642034028
5.138049516
4.862680788
4.983933706
4.80357751
5.043416504
5.241440824
5.0386138
4.804687194
3.819009176
5.312650823
5.540408347
3.609036176
4.22123133
4.735329323
3.415795689
3.734720355
5.072020424
5.668761534
5.021012365
4.853343079
4.813177797
4.681298672
4.890859099
5.163733893
4.940586439
4.750812529
5.240761083
7.77726952
7.775729843
5.505862339
6.154627874
3.902107949
4.256574008
4.639558271
3.236533699
3.746342259
5.665288329
4.798053402
4.868988979
4.503472531
4.507068125
5.653008314
5.111638618
4.855915219
4.944908377
4.771752306
4.92064435
4.40575621
4.757411218
3.883660591
4.154753929
4.146969039
4.344043466
4.345506708
4.465962489
6.336295496
9.381340112
9.197335397
6.816608459
7.493993715
8.62174022
6.082014746
6.499261702
8.712809418
5.642639309
5.137484911
4.865344076
4.983898767
4.802939062
5.042359007
5.241837117
5.038858201
4.804251572
3.822275781
5.342287533
5.555946678
3.61169173
4.228347905
4.754921219
3.4139171
3.757098327
5.080668861
5.667076643
5.020088058
4.845041343
4.813095619
4.680118321
4.889692921
5.16477701
4.94166561
4.745840473
5.246041398
7.843173216
7.805163129
5.508581368
6.170087074
3.903328027
4.265116853
4.645043616
3.23923236
3.746957898
5.675622952
4.79770444
4.870247614
4.50425838
4.50671518
5.652497459
5.111037795
4.858004572
4.944861737
4.771206702
4.92064435
4.40575621
4.757411218
3.883660591
4.154753929
4.146969039
4.344043466
4.345506708
4.465962489
6.336295496
9.381340112
9.197335397
6.816608459
7.493993715
8.621740383
6.082014746
6.499261702
8.712809418
5.642639309
5.137484911
4.865344076
4.983898767
4.802939062
5.042359007
5.241837117
5.038858201
4.804251572
3.822275781
5.342287533
5.555946678
3.61169173
4.228347905
4.754921219
3.4139171
3.757098327
5.080668861
5.667076643
5.020088003
4.845041343
4.813095619
4.680118321
4.889692921
5.16477701
4.94166561
4.745840473
5.246041969
7.843173216
7.805163129
5.508581368
6.170087074
3.903328027
4.265116853
4.645044051
3.23923236
3.746957898
5.675622952
4.79770444
4.870247614
4.50425838
4.50671518
5.652497976
5.111037795
4.858004572
4.944861737
4.771206702
4.920218479
4.403949984
4.754984314
3.882246444
4.155816801
4.148214727
4.334257393
4.3303949
4.465608999
6.332027372
9.288029435
9.163076624
6.811546552
7.473422369
8.558821098
6.091074181
6.480637901
8.700966541
5.642034028
5.138049516
4.862680788
4.983933706
4.80357751
5.043416504
5.241440824
5.0386138
4.804686976
3.819009285
5.312650823
5.540408347
3.609036176
4.22123133
4.735329323
3.415795689
3.734720355
5.072020424
5.668761534
5.021012365
4.853343079
4.813177797
4.681298672
4.890859099
5.163733893
4.940586439
4.750812638
5.240761083
7.77726952
7.775729843
5.505862339
6.154627874
3.902107949
4.256574008
4.639558271
3.236533699
3.746342259
5.665288329
4.798053402
4.868988272
4.503472531
4.507068125
5.653008314
5.111638618
4.8559156
4.944908377
4.771752306
4.92024101
4.406707788
4.758390695
3.886841349
4.156392894
4.148423055
4.3494077
4.34280007
4.467672451
6.313223488
9.416071458
9.280421437
6.875285276
7.471979992
8.669326669
6.114998749
6.460254235
8.726471902
5.642130735
5.137266947
4.863889181
4.983878168
4.80207324
5.043344612
5.242063054
5.038986329
4.804334674
3.810363857
5.364053713
5.583764525
3.638780628
4.22355071
4.783587092
3.439214729
3.721209843
5.084901605
5.665039016
5.020627947
4.847520213
4.813046667
4.680327683
4.889665139
5.165458672
4.942596322
4.747184117
5.22365635
7.880129897
7.867320636
5.557505925
6.153755652
3.899212607
4.271353882
4.652105104
3.249540371
3.747894515
5.675551236
4.798419436
4.86869207
4.504085645
4.506875671
5.652856504
5.111089764
4.856798572
4.944843968
4.770370458
4.967315451
4.389139673
4.374203071
3.7288263
3.595244425
4.044051714
4.100777145
3.85705679
4.022060883
6.289163486
9.538429923
9.405616315
6.904392474
6.837456745
8.510395759
6.15762117
6.101221932
8.556765018
5.54074396
5.005279847
5.247865542
4.764665642
4.92232741
4.854962433
5.073779757
5.191571588
5.073662131
3.795974897
5.190091731
5.364161846
3.573291687
3.453985055
4.530945748
3.42218402
3.258798599
4.648136142
5.627155759
4.895053294
5.064592539
4.525594327
4.648319252
4.674387077
4.921574881
4.996260843
4.845550689
5.200698225
7.878209765
7.885038372
5.544411035
5.4718177
3.902084469
4.192772737
4.257358416
3.156535348
2.984826518
5.712250922
4.682376016
4.770835219
4.20804501
4.241747693
5.560606142
4.982200639
5.205368197
4.706739673
4.858658839
4.967314172
4.367199354
4.363236187
3.710789331
3.579226789
4.019535532
4.087025144
3.852657222
4.005781921
6.289161145
9.52107869
9.402776477
6.908904472
6.825536089
8.515763768
6.153630054
6.097131581
8.550507136
5.540741158
5.004432832
5.248563128
4.764554299
4.922886328
4.854634789
5.074219541
5.192072869
5.073536833
3.795974298
5.201828018
5.359811342
3.563740322
3.437394504
4.535120737
3.41317947
3.255577772
4.635116591
5.627140521
4.892109448
5.064591005
4.524210556
4.647771321
4.672321892
4.920887159
4.996634019
4.844789973
5.200697436
7.87686057
7.882653651
5.545187564
5.457899578
3.902084251
4.187672563
4.248813521
3.135682335
2.968054579
5.71224869
4.670887989
4.767101839
4.20004226
4.236840594
5.560614822
4.982013518
5.206594792
4.705956222
4.858564343
4.967314172
4.373781602
4.362883382
3.71040503
3.578620237
4.023882845
4.086896763
3.852366536
4.005535942
6.289161254
9.535888639
9.401482938
6.905749669
6.822047932
8.50523602
6.154392525
6.096022116
8.546624261
5.540741158
5.004758066
5.248959891
4.76445828
4.922285677
4.855776594
5.073927761
5.192517443
5.073919474
3.795974216
5.192177834
5.356953459
3.566882623
3.434926378
4.533220784
3.414958077
3.254377181
4.631595354
5.627140521
4.892090182
5.065013945
4.523361041
4.647254235
4.672408563
4.920671597
4.996287954
4.84521256
5.200697436
7.866308385
7.881464116
5.544755177
5.453742743
3.902084251
4.190160276
4.246495119
3.139329127
2.966536902
5.71224869
4.673130077
4.767862767
4.198630811
4.236540406
5.56061572
4.982847376
5.205921297
4.706951387
4.857992019
5.03221815
4.420605368
4.441134556
3.746518014
3.640329979
4.062948141
4.120912069
3.889066306
4.079720751
6.351422534
9.429191456
9.484304744
6.99665739
6.883600033
8.589483098
6.216304557
6.154601942
8.62188678
5.651027254
5.167842042
5.375177985
4.903563456
5.036972679
5.018326162
5.19128873
5.304963303
5.196171948
3.869195307
5.315445592
5.425046117
3.62741139
3.492809628
4.649631308
3.471934242
3.31073666
4.698771915
5.738450925
5.007045575
5.179886529
4.644883357
4.74831066
4.802700362
5.025296375
5.096580959
4.955306926
5.266840258
7.879931056
7.958192782
5.626171211
5.513825604
3.980992299
4.280528225
4.317313138
3.175725586
3.025481444
5.819041251
4.762783509
4.85981684
4.285768026
4.316607055
5.672265274
5.132024507
5.330496543
4.841641278
4.969608417
5.025425429
4.50365736
4.470925515
3.811696196
3.688831619
4.146771904
4.187151335
3.905945737
4.125400784
6.343506085
9.47186022
9.464106105
6.953381372
6.920057568
8.514998113
6.226041916
6.174814436
8.639513826
5.641003371
5.154431021
5.330591561
4.886095787
5.015416675
4.996920205
5.178762291
5.276205527
5.163704117
3.859814479
5.284262995
5.431923564
3.646631131
3.539567078
4.630435718
3.504742495
3.324827712
4.73604939
5.728327777
5.03687725
5.148743113
4.647533613
4.740567413
4.812778206
5.027583157
5.07395883
4.937550051
5.258119646
7.844265978
7.944414275
5.604569869
5.555110573
3.970730301
4.312914784
4.344942292
3.235218415
3.076985233
5.809017177
4.829485298
4.855353202
4.322800666
4.329323075
5.661243405
5.128384786
5.288151001
4.828755476
4.951606139
5.025805916
4.424387228
4.44205768
3.750514201
3.644039389
4.067433872
4.121862381
3.888892141
4.083738702
6.345477373
9.429738623
9.482040895
6.99539976
6.884688056
8.589114732
6.214248565
6.153891635
8.618189778
5.64184035
5.155318496
5.367598703
4.893840962
5.029228063
5.00727559
5.182521855
5.29693839
5.188308419
3.860889877
5.313980533
5.421962288
3.629865533
3.495228995
4.648192612
3.47210505
3.30919882
4.697984865
5.729059231
4.996131574
5.173480522
4.637557976
4.743051539
4.793103012
5.018119566
5.08974968
4.949694251
5.260102798
7.879973817
7.954602375
5.626069388
5.515650851
3.971960039
4.280840241
4.315394037
3.181618475
3.029795804
5.810534454
4.758074554
4.856951154
4.282177715
4.313166051
5.663028547
5.119364226
5.322664144
4.832779382
4.962762956
5.025806025
4.497755619
4.469156337
3.812382725
3.687729873
4.142970082
4.187011525
3.906682443
4.123706627
6.345477836
9.460343866
9.468131662
6.95700027
6.923581635
8.519820281
6.227556744
6.173663823
8.641828305
5.64184035
5.157715594
5.331248189
4.887538782
5.016941113
4.999574466
5.180065476
5.277757448
5.165349426
3.860889877
5.289051161
5.433598752
3.64751543
3.541417051
4.634010199
3.504703393
3.323915005
4.739157777
5.729060701
5.039423593
5.148457865
4.648776934
4.741050653
4.814168793
5.028861552
5.074566234
4.937064883
5.260102798
7.843004361
7.946212126
5.606749671
5.55765777
3.971960039
4.312108291
4.344387256
3.236125925
3.077807564
5.810534454
4.825785412
4.854141419
4.322644447
4.329296871
5.663027241
5.131630638
5.289899902
4.830233872
4.952154686
5.025425429
4.398270494
4.429052739
3.740160144
3.631687063
4.049324514
4.11469755
3.884765441
4.068837131
6.34350682
9.434809858
9.479424566
6.988146479
6.875532399
8.584288959
6.207613205
6.146187517
8.612985432
5.640969766
5.149310192
5.365397381
4.891842214
5.026166112
5.003651968
5.180001041
5.29536977
5.185783178
3.859814479
5.294674318
5.414961357
3.617950158
3.483513185
4.630602048
3.462214482
3.302920391
4.688141571
5.728327777
4.985484265
5.169340947
4.635041896
4.738650978
4.787833355
5.014999488
5.087558069
4.945068796
5.258124299
7.877549082
7.952174817
5.616907916
5.505253945
3.970730165
4.254309096
4.305638725
3.167817518
3.016350041
5.809014701
4.740572409
4.849999696
4.276371978
4.307090884
5.661244711
5.112036333
5.320703314
4.83093492
4.959861496
5.032218041
4.524702576
4.472977078
3.812237521
3.689535095
4.155167531
4.186768788
3.908192844
4.126529109
6.351422425
9.473557398
9.467063039
6.972171284
6.918316714
8.556682582
6.233449528
6.179419204
8.636359871
5.651029241
5.175536971
5.342328866
4.897876016
5.026453546
5.014065093
5.189161204
5.286787621
5.174784989
3.869195307
5.332725904
5.430441522
3.655479507
3.537650763
4.667043069
3.510156973
3.329669049
4.733152462
5.738450925
5.056104163
5.159790166
4.656778334
4.749521158
4.82751147
5.037427024
5.082881796
4.946857158
5.266840258
7.878136611
7.944873438
5.619929047
5.553177228
3.98099268
4.348634172
4.344232998
3.235713804
3.076083359
5.819041604
4.848568503
4.86350576
4.32665143
4.335842732
5.67130288
5.148850896
5.300141722
4.839700359
4.961852209
4.966404213
4.379620785
4.38604164
3.735655379
3.600960439
4.039543266
4.114932444
3.858675669
4.03403728
6.293462176
9.535320397
9.570681054
6.929672339
6.845985845
8.511992264
6.225384213
6.049681414
8.654399694
5.540965762
5.016603746
5.247282211
4.76468186
4.922142865
4.859923352
5.076508712
5.191263959
5.073129498
3.796869889
5.205927078
5.411996248
3.591475788
3.461461138
4.532159402
3.451988695
3.244764473
4.69312229
5.627143133
4.911273889
5.066197977
4.525598654
4.648735712
4.676898923
4.923923667
4.997608206
4.847296576
5.2032204
7.889212771
7.988855308
5.568067555
5.479365636
3.90210553
4.191086059
4.278978886
3.171007049
2.99320756
5.71241046
4.674256215
4.776911126
4.209533171
4.244382136
5.561292131
4.997491626
5.205244534
4.706760163
4.858390429
4.966404539
4.35953671
4.373912633
3.717677921
3.584938476
4.015175548
4.100201994
3.854279149
4.016740087
6.293465632
9.518783717
9.567112923
6.930663508
6.83337934
8.518173818
6.218176582
6.046619036
8.644021702
5.540963993
5.016480975
5.24798728
4.764575605
4.922703226
4.859466375
5.0759587
5.191793513
5.073012255
3.796869998
5.218368598
5.405118834
3.57971833
3.444990561
4.538640507
3.441404554
3.241418829
4.676257134
5.627143568
4.908867972
5.066291082
4.524220869
4.648231646
4.675774445
4.924201686
4.997030144
4.846565329
5.203222196
7.886723536
7.983922045
5.565030134
5.464669964
3.902104877
4.189000816
4.268702509
3.148377954
2.97544128
5.712406242
4.664326554
4.773132549
4.201547591
4.238505404
5.561290988
4.996993347
5.205424652
4.705974971
4.8582949
4.966406553
4.365005597
4.373474222
3.718243143
3.584259597
4.019456302
4.100045776
3.853951428
4.016426679
6.293454095
9.531991294
9.561987478
6.929652343
6.829141878
8.504944389
6.22056346
6.045493869
8.637021964
5.540944918
5.016599106
5.248395336
4.764488484
4.923092588
4.860560615
5.076652418
5.191219256
5.073416148
3.796869508
5.207674971
5.401676382
3.583488357
3.441637756
4.535447931
3.443006235
3.240192006
4.673021667
5.627142643
4.908627726
5.065649397
4.524352552
4.647708491
4.674714204
4.92398286
4.996629657
4.846924677
5.20321708
7.87332179
7.979615947
5.565564845
5.460676775
3.902105231
4.190015252
4.266353441
3.15293008
2.973891522
5.712413888
4.666398655
4.773942811
4.201086863
4.23918889
5.56127907
4.997667748
5.205845687
4.70602434
4.858729405
4.966404213
4.393454347
4.371356819
3.727561704
3.590715869
4.042998866
4.101314928
3.850706723
4.017537288
6.293462176
9.424229106
9.328728391
6.90988921
6.796987127
8.497728542
6.165880202
6.073759983
8.484321963
5.540952809
5.007180278
5.246514874
4.764656227
4.921616282
4.856377945
5.077666205
5.191480187
5.071778213
3.796869889
5.224912385
5.344532475
3.569628164
3.432365668
4.54218138
3.426435885
3.251347062
4.626471084
5.627144766
4.908025897
5.06064902
4.524660695
4.647748642
4.678306264
4.925794015
4.995719688
4.842884591
5.2032204
7.842112574
7.828874545
5.545696054
5.43768341
3.90210553
4.209618923
4.251257551
3.151886787
2.974383248
5.712410024
4.696743532
4.767826402
4.208259514
4.239796976
5.561284675
4.987671794
5.203464384
4.706759102
4.857951819
4.966405328
4.374559198
4.360357446
3.709483837
3.574696083
4.020452752
4.087498193
3.847096814
4.002226897
6.293454095
9.409920148
9.328401679
6.914010785
6.787322885
8.502990078
6.160962174
6.070488516
8.481332739
5.540943693
5.007257725
5.247204595
4.764543659
4.922156887
4.85597773
5.078096465
5.192006338
5.071650656
3.79686959
5.235073577
5.341042107
3.560516742
3.41808056
4.548206044
3.417452968
3.247938289
4.615760977
5.627142643
4.906588116
5.06070901
4.52328125
4.647216031
4.67608644
4.926056579
4.996082523
4.842113181
5.203216944
7.840594757
7.828841635
5.54678477
5.426553646
3.902105231
4.207783962
4.244461416
3.131887133
2.957603417
5.712413888
4.686894062
4.764105512
4.200259268
4.2349317
5.561278634
4.986309161
5.203654298
4.705960331
4.85786361
4.96640307
4.38104131
4.36003909
3.710121795
3.575032878
4.023757697
4.087341349
3.84679772
4.000987557
6.293465795
9.419911025
9.328438014
6.910338705
6.784510345
8.492829248
6.162649842
6.069344819
8.477985726
5.540963993
5.008190794
5.246626856
4.764477055
4.922555719
4.856089276
5.077824387
5.192438231
5.072034984
3.796869998
5.226253315
5.340324633
3.562764077
3.415615619
4.543655484
3.419179248
3.246687303
4.613392393
5.627143568
4.906560035
5.06116289
4.523466185
4.64669987
4.676227968
4.925823194
4.996681601
4.842568502
5.203222196
7.830953841
7.828257622
5.545683242
5.423315912
3.902104959
4.20924572
4.242207831
3.135564266
2.956080815
5.712405453
4.689460532
4.763907339
4.198858894
4.235605934
5.561290444
4.986920243
5.204083035
4.705983741
4.858294986
4.920240928
4.524100713
4.241442329
3.733351127
3.586674494
4.130373302
3.99631307
3.908337781
3.929620956
6.313223434
9.572004726
9.374920194
7.070073117
6.720957226
8.646615864
6.254086714
6.004901205
8.4579749
5.642130735
5.00411692
5.167773218
4.75895101
4.921557904
4.853458449
5.051798398
5.210086281
5.038594418
3.81036383
5.468485293
5.13748355
3.667790964
3.386112878
4.744149068
3.393773329
3.264241306
4.47891262
5.665039016
4.929087392
4.981579146
4.521873864
4.646650124
4.692006825
4.880719472
5.038443379
4.80134357
5.22365635
8.028373186
7.76556085
5.693057705
5.369818813
3.899212607
4.409444533
4.054941804
3.188805211
2.954646959
5.675549086
4.788718083
4.684166144
4.206489487
4.240175282
5.652856504
4.986325292
5.124781902
4.701724333
4.856814258
4.920218778
4.673348661
4.225599184
3.769668222
3.561783689
4.249176019
4.033644152
3.861530951
3.905710419
6.33202661
9.503191333
9.209357625
7.124365703
6.699693944
8.619242221
6.288062906
6.007892026
8.334107699
5.642034028
5.082076513
5.198449374
4.76074827
4.915420062
4.888547187
5.034045991
5.22027702
5.050440102
3.819009176
5.582913156
5.103507066
3.752385118
3.322344687
4.825845052
3.445722076
3.239266928
4.415884992
5.668748364
5.018693069
4.984364322
4.527786571
4.637831098
4.738006573
4.865441806
5.02809327
4.795966072
5.240761083
8.042707791
7.654676854
5.760652855
5.322572349
3.902107949
4.528158643
4.041894788
3.270505962
2.904908062
5.665288329
4.911514126
4.666361594
4.222647675
4.226987753
5.653008314
5.066565489
5.148211398
4.703951603
4.85021473
4.92064435
4.539509159
4.234240182
3.734796077
3.583270692
4.136394581
3.992906955
3.907293839
3.919575503
6.336295469
9.576327031
9.326848086
7.13133635
6.666624828
8.669909323
6.253182409
6.019147575
8.382364908
5.642639309
5.008819332
5.167372839
4.757893409
4.920841552
4.852457378
5.049330545
5.209020571
5.038386884
3.822275809
5.544569672
5.143873312
3.695859478
3.367116493
4.797814225
3.391125058
3.264986856
4.459263077
5.667076643
4.929375515
4.978140078
4.521353757
4.646113418
4.690898448
4.8756446
5.037141749
4.799680016
5.246041969
8.071872927
7.741721508
5.746520192
5.327877059
3.903328027
4.452675499
4.058295026
3.197275074
2.947635193
5.675622952
4.791563334
4.677284819
4.207520916
4.238958251
5.652497459
4.990176622
5.123600871
4.700537207
4.85613347
4.92064435
4.628927305
4.227771903
3.770102777
3.562182979
4.231330377
4.056711797
3.867334349
3.908785272
6.336295469
9.269738866
9.150253939
7.090874967
6.680370817
8.502966644
6.29626629
6.003283091
8.286253871
5.642639309
5.083511734
5.201323535
4.761973763
4.915483355
4.890439576
5.033394641
5.220027246
5.05222884
3.822275809
5.388423447
5.06083126
3.741555143
3.320824693
4.742202025
3.461271511
3.2279394
4.400435479
5.667076643
5.01408899
4.990668535
4.52813748
4.637899098
4.732879301
4.869452588
5.030946582
4.798488936
5.246041398
7.802788658
7.594996802
5.73384546
5.313479742
3.903327945
4.435940016
4.028569203
3.269173194
2.904759404
5.675622952
4.86856255
4.673344142
4.224156217
4.227912841
5.652497459
5.06985675
5.152949999
4.705231872
4.850274458
4.920218452
4.553971498
4.249629567
3.741911579
3.59337195
4.153467597
3.988756269
3.904700162
3.93809689
6.33202661
9.566291798
9.420822632
7.082580519
6.753556605
8.647010143
6.223045708
6.040012995
8.502844406
5.642034028
5.0163727
5.167704374
4.757649086
4.921259917
4.853859741
5.046523774
5.209997741
5.038776836
3.819009176
5.528434447
5.180186703
3.68561859
3.412633333
4.787378544
3.390809846
3.265340658
4.511670554
5.668761915
4.937503829
4.981522982
4.522003638
4.647996162
4.693984324
4.871308307
5.037654645
4.803315321
5.240761083
8.04154729
7.81639009
5.709463933
5.402871699
3.902107949
4.455053454
4.07624249
3.205257047
2.969263934
5.665288329
4.804743472
4.685983177
4.209451664
4.241866596
5.653008314
4.997960608
5.124675343
4.70024989
4.857419562
4.92024101
4.612246385
4.228747132
3.769040518
3.563271519
4.215517379
4.06186437
3.871519834
3.908838104
6.313223434
9.306678638
9.198757891
7.097034983
6.696731946
8.502216064
6.284588876
6.009584694
8.334679825
5.642130735
5.083224319
5.200778463
4.763160834
4.915464661
4.890895546
5.037571324
5.219872501
5.051634765
3.81036383
5.414171343
5.097285048
3.742524122
3.326993674
4.745514675
3.449572403
3.253098277
4.424358672
5.665039016
5.009752267
4.98697125
4.52959307
4.637844459
4.728735717
4.874794092
5.030266646
4.795990417
5.22365635
7.828957377
7.647161077
5.739625972
5.326874423
3.899212607
4.43990388
4.042108036
3.268174065
2.907028594
5.675582664
4.847929017
4.670396734
4.223892379
4.227656867
5.652857021
5.068919517
5.150775043
4.705483488
4.850244009
4.967315451
4.389139673
4.374202934
3.7288263
3.595244425
4.04317498
4.100777145
3.85705679
4.022060394
6.289163486
9.538429923
9.405616315
6.904392474
6.837456745
8.510395759
6.15762117
6.101221932
8.556765018
5.54074396
5.005279847
5.247865542
4.764665642
4.92232741
4.854962433
5.073779757
5.191571588
5.073662131
3.795974897
5.190091622
5.364161846
3.573291687
3.453985055
4.530945748
3.422182333
3.258798599
4.648136142
5.627155759
4.895053294
5.064592539
4.525594327
4.648319252
4.674342369
4.921574881
4.996260843
4.845550689
5.200698225
7.87820835
7.885038372
5.544411035
5.4718177
3.902084551
4.192772057
4.257358416
3.156537226
2.984829103
5.71225084
4.682386383
4.770835219
4.20804501
4.241747693
5.560619638
4.982200639
5.205368197
4.706739673
4.858658839
4.967314253
4.373781602
4.362883382
3.71040503
3.578620237
4.023920614
4.086896763
3.852366536
4.005527752
6.289161254
9.535888639
9.401482938
6.905749669
6.822047932
8.50523602
6.154392525
6.096022116
8.546624261
5.540741158
5.004758066
5.248959891
4.76445828
4.922285677
4.855776594
5.073927761
5.192517443
5.073919719
3.795974216
5.192177834
5.356953459
3.566882677
3.43492627
4.533213818
3.41495639
3.254377181
4.631595354
5.627140521
4.892090182
5.065013945
4.523361041
4.647254235
4.672419284
4.920670972
4.996287954
4.84521256
5.200697355
7.866308358
7.881464116
5.544755177
5.453742743
3.902084251
4.190159514
4.246495119
3.139329372
2.966539705
5.71224869
4.673132907
4.767862767
4.198630811
4.236540406
5.560618849
4.982847376
5.205921297
4.706951387
4.857992019
4.967315342
4.367199354
4.363236187
3.710789331
3.579226789
4.019574498
4.087025144
3.852657222
4.005783255
6.289161254
9.52107869
9.402776477
6.908904472
6.825536089
8.515763768
6.153630054
6.097131581
8.550507136
5.540741158
5.004432832
5.248563128
4.764554299
4.922886328
4.854634789
5.074219541
5.192072869
5.073536833
3.795974162
5.201828045
5.359811342
3.563740322
3.437394504
4.535120737
3.41317947
3.255577119
4.635116591
5.627140738
4.892109148
5.064591005
4.524210556
4.647771321
4.67234777
4.920887404
4.996634019
4.844789973
5.200697355
7.87686057
7.882653651
5.545187564
5.457899578
3.902084306
4.187672482
4.248813521
3.135686661
2.968055422
5.71224869
4.670890057
4.767101839
4.20004226
4.236840594
5.560616346
4.982013518
5.206594792
4.705956222
4.858564343
5.032218014
4.524702576
4.472977078
3.812237521
3.689535095
4.155167531
4.186768788
3.908192844
4.126529109
6.351422398
9.473557398
9.467063039
6.972171284
6.918316714
8.556682582
6.233449528
6.179419204
8.636359871
5.651029241
5.175536971
5.342328866
4.897876016
5.026453546
5.014065093
5.189161204
5.286787621
5.174784989
3.869195307
5.332725904
5.430441522
3.655479507
3.537650763
4.667043069
3.510156973
3.329669049
4.733152462
5.738450925
5.056103238
5.159790166
4.656778334
4.749521158
4.82751147
5.037427024
5.082881796
4.946857158
5.266840177
7.878136611
7.944873438
5.619929047
5.553177228
3.980992299
4.348633873
4.344232998
3.235713804
3.076083359
5.819041387
4.848568503
4.86350576
4.32665143
4.335842732
5.671271288
5.14885193
5.300141722
4.839700359
4.961852209
5.025425429
4.398270494
4.429052739
3.740160144
3.631687063
4.049324514
4.11469755
3.884765441
4.068837376
6.343506085
9.434809858
9.479424566
6.988146479
6.875532399
8.584288959
6.207613205
6.146187517
8.612985432
5.640971045
5.149310192
5.365397381
4.891842214
5.026166112
5.003651968
5.180001041
5.29536977
5.185783178
3.859814588
5.294674318
5.41496133
3.617950158
3.483513158
4.630602048
3.462214482
3.302920391
4.688141571
5.728327777
4.985484673
5.169340947
4.635041896
4.738650978
4.787833355
5.014999488
5.087558069
4.945068796
5.258119646
7.877549082
7.952174817
5.616907916
5.505253945
3.970730219
4.254309096
4.305638725
3.167817518
3.016350041
5.809017177
4.740572409
4.849999696
4.276371978
4.307090884
5.661232765
5.112036333
5.320703314
4.83093492
4.959861496
5.025805916
4.497755619
4.469156337
3.812382725
3.687729873
4.142970082
4.187011525
3.906682443
4.123706627
6.345477836
9.460343866
9.468131662
6.95700027
6.923581635
8.519820281
6.227556744
6.173663823
8.641828305
5.64184035
5.157715594
5.331248189
4.887538782
5.016941113
4.999574466
5.180065476
5.277757448
5.165349426
3.860889877
5.289051161
5.433598752
3.64751543
3.541417051
4.634010199
3.504703393
3.323915005
4.739157777
5.729060701
5.039423593
5.148457865
4.648776934
4.741050653
4.814168793
5.028861552
5.074566234
4.937064883
5.260102744
7.843004361
7.946212126
5.606749671
5.55765777
3.971960039
4.312108291
4.344387256
3.236125925
3.077807564
5.810534454
4.825785412
4.854141419
4.322644447
4.329296871
5.663032465
5.131630638
5.289899902
4.830233872
4.952154686
5.025806025
4.424387228
4.44205768
3.750514201
3.644039389
4.067433872
4.121862381
3.888892141
4.083738702
6.345477754
9.429738623
9.482040895
6.99539976
6.884688056
8.589114732
6.214248565
6.153891635
8.618189778
5.64184035
5.155318496
5.367598703
4.893840962
5.029228063
5.00727559
5.182521855
5.29693839
5.188308419
3.860889877
5.313980533
5.421962288
3.629865533
3.495228995
4.648192612
3.47210505
3.30919882
4.697984865
5.729058687
4.996131574
5.173480522
4.637557976
4.743051539
4.793103012
5.018119566
5.08974968
4.949694251
5.260102744
7.879973817
7.954602375
5.626069388
5.515650851
3.971960039
4.280840241
4.315394037
3.181618475
3.029795804
5.810534454
4.758074554
4.856951154
4.282177715
4.313166051
5.663013744
5.119364226
5.322664144
4.832779382
4.962762956
5.025425429
4.50365736
4.470925515
3.811696196
3.688831619
4.146771686
4.187151335
3.905945737
4.125400784
6.343506656
9.47186022
9.464106105
6.953381372
6.920057568
8.514998113
6.226041916
6.174814436
8.639513826
5.640969766
5.154432899
5.330591561
4.886095787
5.015416675
4.996920205
5.178762291
5.276205527
5.163704117
3.859814479
5.284262995
5.431923564
3.646631131
3.539567078
4.630435718
3.504742495
3.324827712
4.73604939
5.728327777
5.03687725
5.148743113
4.647533613
4.740567413
4.812778206
5.027583157
5.07395883
4.937550051
5.258124299
7.844265978
7.944414275
5.604569869
5.555110573
3.970730219
4.312914784
4.344942292
3.235218415
3.076985233
5.809014701
4.829485298
4.855353202
4.322800666
4.329323075
5.661243405
5.128384786
5.288151001
4.828755476
4.951606139
5.032218014
4.420605368
4.441134556
3.746518014
3.640329979
4.062948141
4.120912069
3.889066306
4.079720751
6.351422398
9.429191456
9.484304744
6.99665739
6.883600033
8.589483098
6.216304557
6.154601942
8.62188678
5.651029241
5.167842042
5.375177985
4.903563456
5.036972679
5.018326162
5.19128873
5.304963303
5.196171948
3.869195362
5.315445592
5.425046117
3.62741139
3.492809628
4.649631308
3.471934242
3.31073666
4.698771915
5.738450925
5.007045575
5.179886529
4.644883357
4.74831066
4.802700362
5.025296375
5.096580959
4.955306926
5.266840177
7.879931056
7.958192782
5.626171211
5.513825604
3.980992299
4.280528225
4.317313138
3.175725586
3.025481444
5.819041251
4.762783509
4.85981684
4.285768026
4.316607055
5.672263941
5.132024507
5.330496543
4.841641278
4.969608417
4.966404213
4.393454347
4.371356819
3.727561704
3.590715869
4.043082104
4.101314928
3.850706723
4.017537288
6.293462176
9.424229106
9.328728391
6.90988921
6.796987127
8.497728542
6.165880202
6.073759983
8.484321963
5.540965762
5.007180278
5.246514874
4.764656227
4.921616282
4.856377945
5.077666205
5.191480187
5.071778213
3.796869889
5.224912385
5.344532475
3.569628164
3.432365668
4.542203612
3.426435885
3.251347062
4.626471084
5.627144766
4.908028428
5.06064902
4.524660695
4.647748642
4.677217611
4.925794015
4.995719688
4.842884591
5.2032204
7.842112574
7.828874545
5.545696054
5.43768341
3.90210553
4.209618923
4.251257551
3.151887739
2.974383248
5.712409698
4.696740158
4.767826402
4.208259514
4.239796976
5.561286743
4.987671794
5.203464384
4.706759102
4.857951819
4.96640307
4.381040902
4.36003909
3.710121795
3.575032878
4.023757697
4.087341349
3.84679772
4.000987557
6.293465659
9.419911025
9.328438014
6.910338705
6.784510345
8.492829302
6.162649842
6.069344819
8.477985671
5.540963993
5.008190794
5.246626856
4.764477055
4.922555719
4.856089222
5.077824387
5.192438231
5.072034984
3.796869971
5.226253315
5.340324633
3.562764077
3.415615619
4.543655484
3.419179248
3.246687303
4.613392393
5.627143351
4.906560035
5.06116289
4.523466185
4.64669987
4.676227968
4.925823194
4.996681601
4.842568502
5.203222196
7.830953841
7.828257622
5.545683242
5.423315912
3.902104877
4.20924572
4.242207831
3.135564266
2.956080815
5.712406242
4.689460532
4.763907339
4.198858894
4.235605934
5.561272131
4.986920243
5.204083035
4.705983741
4.858294986
4.966405437
4.374514164
4.360357446
3.709483837
3.574696083
4.020346656
4.087498193
3.847096814
4.002226897
6.293454095
9.409920148
9.328401679
6.914010785
6.787322885
8.502989997
6.160962174
6.070488516
8.481332766
5.540944918
5.007257725
5.247204595
4.764543659
4.922156887
4.855977648
5.078096465
5.192006338
5.071650656
3.796869508
5.235073577
5.341042107
3.560516742
3.41808056
4.547182152
3.417452995
3.247938397
4.615760977
5.627142643
4.906588225
5.06070901
4.52328125
4.647216031
4.676122576
4.926056579
4.996082523
4.842113888
5.20321708
7.840594757
7.828841635
5.54678477
5.426553646
3.902105394
4.207784615
4.244460954
3.131887133
2.957603417
5.712413888
4.686894334
4.764105512
4.200259268
4.2349317
5.561281056
4.986309161
5.203654298
4.705960331
4.85786361
4.966404213
4.378619751
4.38604164
3.735655379
3.600960439
4.03953796
4.114932444
3.858675669
4.03403728
6.293462176
9.535320397
9.570681054
6.929672339
6.845985845
8.511992264
6.225384213
6.049681414
8.654399694
5.540966034
5.016603746
5.247282211
4.76468186
4.922142865
4.859923352
5.076508712
5.191263959
5.073129498
3.796869889
5.205927078
5.411996248
3.591475788
3.461461138
4.532159402
3.451988695
3.244764473
4.69312229
5.627144494
4.911273889
5.066197977
4.525598654
4.648735712
4.676899113
4.923923831
4.997609322
4.847287161
5.2032204
7.889212771
7.988855308
5.568067555
5.479365636
3.90210553
4.191085977
4.278978886
3.171007049
2.99320756
5.712409698
4.674256215
4.776911154
4.209533171
4.244382136
5.561290199
4.997491626
5.205244534
4.706760163
4.858390429
4.966405383
4.365005597
4.373474222
3.718243143
3.584259597
4.019456302
4.100045776
3.853951428
4.016426679
6.293454095
9.531991294
9.561987478
6.929652343
6.829141878
8.504944389
6.22056346
6.045493869
8.637021964
5.540943693
5.016599106
5.248395336
4.764488484
4.923092588
4.860560615
5.076652418
5.191219256
5.073416148
3.79686959
5.207674971
5.401676382
3.583488357
3.441637756
4.535447931
3.443006235
3.240192006
4.673021667
5.627142643
4.908627726
5.065649397
4.524352552
4.647708491
4.674714204
4.92398286
4.996629657
4.846924677
5.203216944
7.87332179
7.979615947
5.565564845
5.460676775
3.902105313
4.190015252
4.266353332
3.15293008
2.973891522
5.712413888
4.666398655
4.773942811
4.201086863
4.23918889
5.561286879
4.997667748
5.205845687
4.70602434
4.858729405
4.966404458
4.359536519
4.373912633
3.717677921
3.584938476
4.015135167
4.100201994
3.854279149
4.016740087
6.293465795
9.518783717
9.567112923
6.930663508
6.83337934
8.518173818
6.218176582
6.046619036
8.644021702
5.540963993
5.016480975
5.24798728
4.764575605
4.922703226
4.859466375
5.0759587
5.191793513
5.073012255
3.796869998
5.218368653
5.405118834
3.57971833
3.444990561
4.538640507
3.441404554
3.241418829
4.676257134
5.627143568
4.908868027
5.066291082
4.524220869
4.648231646
4.675803534
4.924201686
4.997046797
4.846539179
5.203222196
7.886723536
7.983922072
5.565030134
5.464669964
3.902104959
4.189001741
4.268702754
3.148377954
2.97544128
5.712405453
4.664327724
4.773132549
4.201547591
4.238505404
5.561305764
4.996993347
5.205424652
4.705974971
4.8582949
4.92024101
4.612246249
4.228747132
3.769040518
3.563271519
4.215517733
4.06186437
3.871521276
3.908838131
6.313223434
9.306678638
9.198757891
7.097034983
6.696731946
8.502216064
6.284588876
6.009584694
8.334679825
5.642130735
5.083224319
5.200778463
4.763160834
4.915464661
4.890895546
5.037571324
5.219872501
5.051634765
3.81036383
5.414171343
5.097285048
3.742524122
3.326993674
4.745514675
3.449572403
3.253098277
4.424358672
5.665039016
5.009752403
4.98697125
4.52959307
4.637844459
4.729692996
4.874794092
5.03026738
4.796011424
5.22365635
7.828955799
7.647161077
5.739626027
5.326874423
3.899212607
4.439885022
4.042108036
3.268174119
2.907028594
5.675613413
4.847929017
4.670396734
4.223892679
4.227656867
5.652856504
5.068919517
5.150775043
4.705483488
4.850244009
4.920218479
4.553971225
4.249629567
3.741911579
3.59337195
4.153467597
3.988756269
3.904700162
3.93809689
6.33202661
9.566291798
9.420822632
7.082580519
6.753556605
8.647010143
6.223045708
6.040012995
8.502844406
5.642034028
5.0163727
5.167704374
4.757649086
4.921259917
4.853859741
5.046523774
5.209997741
5.038777108
3.819009176
5.528434447
5.180186703
3.68561859
3.412633333
4.787378544
3.390809846
3.265340658
4.511670554
5.668750377
4.937503829
4.981522982
4.522003638
4.647996162
4.693984324
4.871308307
5.037654645
4.803315321
5.240761083
8.04154729
7.81639009
5.709463933
5.402871699
3.902107704
4.45505408
4.076242408
3.205257047
2.969263934
5.665288329
4.804743472
4.685983177
4.209451664
4.241866596
5.653008314
4.997960608
5.124675343
4.70024989
4.857419562
4.92064435
4.628927332
4.227771903
3.770102777
3.562182979
4.231330948
4.056711797
3.867334758
3.908785409
6.336295469
9.269738866
9.150253939
7.090874967
6.680370817
8.502964359
6.29626629
6.003283091
8.286276701
5.642639309
5.083511734
5.201323535
4.761973763
4.915483355
4.890439576
5.033394641
5.220027246
5.05222884
3.822275781
5.388424889
5.06083126
3.741555143
3.320824693
4.742201563
3.461271484
3.227942992
4.400428975
5.667076643
5.014089126
4.990667365
4.52813748
4.637899098
4.732841342
4.869452588
5.030945656
4.798487766
5.246041969
7.802788658
7.594996802
5.733845705
5.313479742
3.903328027
4.435940016
4.028569203
3.26917333
2.904759404
5.675622952
4.869683938
4.673344142
4.224156217
4.227912841
5.652521323
5.06985675
5.152949999
4.705231872
4.850274458
4.92064435
4.539509159
4.234240182
3.734796077
3.583270692
4.136394581
3.992906955
3.907293839
3.919575503
6.336295469
9.576327031
9.326848086
7.13133635
6.666624828
8.669909323
6.253182409
6.019147575
8.382364908
5.642639309
5.008819849
5.167372839
4.757893409
4.920841552
4.852457378
5.049330545
5.209020571
5.038386884
3.822275781
5.544569672
5.143873312
3.695859478
3.367116493
4.797814225
3.391125058
3.264986856
4.459263077
5.667076643
4.929375515
4.978140078
4.521353757
4.646113418
4.690898448
4.8756446
5.037141749
4.799680016
5.246041398
8.071872927
7.7417214
5.746520192
5.327877059
3.903327945
4.452675499
4.058295026
3.197275074
2.947635193
5.675622952
4.791563334
4.677284819
4.207520916
4.238958251
5.652497976
4.990176622
5.123600871
4.700537207
4.85613347
4.920218479
4.673349558
4.225599184
3.769668222
3.561783689
4.249176563
4.033644152
3.861530951
3.905710419
6.33202661
9.503191333
9.209357625
7.124365703
6.699693944
8.619242004
6.288062906
6.007892026
8.334107699
5.642034028
5.082076513
5.198449374
4.76074827
4.915420062
4.888547187
5.034045991
5.22027702
5.050440102
3.819009176
5.582913156
5.103507066
3.752385118
3.322344687
4.825845052
3.445722076
3.239266928
4.415882189
5.668748364
5.018693069
4.984364322
4.527786571
4.637831098
4.738006573
4.865441806
5.02809327
4.795966072
5.240761083
8.042707791
7.654676854
5.760652855
5.322572349
3.902107949
4.528158643
4.041894788
3.270505962
2.904908062
5.665288329
4.911517255
4.666361594
4.222647675
4.226987753
5.653008314
5.066565489
5.148211398
4.703951603
4.85021473
4.920240928
4.524100713
4.241442329
3.733351127
3.586674494
4.130373302
3.99631307
3.908337781
3.929620956
6.313223434
9.572004726
9.374920194
7.070073117
6.720957226
8.646615864
6.254086714
6.004901205
8.4579749
5.642130735
5.00411692
5.167773218
4.75895101
4.921557904
4.853458449
5.051798398
5.210086281
5.038594418
3.81036383
5.468485293
5.13748355
3.667790964
3.386112878
4.744149068
3.393773329
3.264241306
4.47891262
5.665075724
4.929086739
4.981579146
4.521873864
4.646650124
4.692006825
4.880719472
5.038443379
4.80134357
5.22365635
8.028373186
7.76556085
5.693057705
5.369818813
3.899212117
4.409444533
4.054941804
3.188805211
2.954646959
5.675551236
4.788718083
4.684166144
4.206489487
4.240175282
5.652856504
4.986325292
5.124781902
4.701724333
4.856814258
4.967315451
4.408365445
4.656417479
3.755143753
3.93925933
4.102298818
4.115550867
4.253596928
4.306239094
6.289163486
9.317135205
9.208243237
6.86919897
7.219973015
8.547982305
6.148950289
6.341892894
8.424214773
5.54074396
5.177576833
4.931331965
4.958617263
4.767259335
5.05669449
5.217857642
5.046362901
4.816937793
3.795974897
5.340420716
5.328321619
3.531995502
3.923838851
4.685170949
3.335561544
3.61157154
4.831208283
5.627155759
5.032457837
4.882041904
4.743098224
4.596295887
4.874013258
5.072996049
4.931187221
4.715783322
5.200698225
7.807114093
7.619898074
5.516452341
5.88051141
3.902084469
4.264654388
4.501491895
3.110281378
3.463898911
5.71225084
4.809690291
4.79898551
4.414489737
4.372689948
5.560619638
5.143940468
4.923923219
4.908679762
4.723753821
4.967315342
4.397457148
4.653988332
3.744510201
3.932624941
4.090469135
4.107900871
4.246509457
4.305925928
6.289161037
9.310518143
9.194747619
6.855665369
7.222677576
8.53336791
6.143347092
6.341267644
8.437905563
5.540741158
5.177085411
4.931786734
4.958861704
4.766879318
5.057179476
5.217521264
5.046288945
4.8179428
3.795974243
5.324854194
5.336414806
3.515162806
3.922334192
4.667520649
3.327879114
3.607951846
4.83099808
5.627140738
5.032380978
4.884103407
4.742528248
4.594465914
4.872915964
5.072377171
4.93069286
4.717832566
5.200697355
7.795231647
7.618616991
5.501712594
5.882284162
3.902084306
4.250185172
4.496640356
3.095700515
3.458723345
5.71224869
4.802763782
4.804930133
4.407767061
4.366530613
5.560631094
5.144757184
4.925503699
4.908168231
4.724503084
4.967315342
4.396687268
4.643844515
3.744727477
3.931019446
4.089905649
4.109542743
4.246630764
4.298629956
6.289161118
9.309936925
9.178870923
6.857576825
7.22133028
8.533196812
6.144829213
6.339880925
8.425543664
5.540741158
5.176897818
4.935000489
4.958594628
4.766628425
5.056988972
5.217196854
5.046590602
4.818336189
3.795974162
5.325527875
5.323330476
3.516873059
3.918457772
4.667587638
3.330424495
3.60604649
4.820770885
5.627140521
5.03236359
4.882363816
4.742202886
4.594625743
4.872820208
5.072880706
4.930920884
4.716831835
5.200697355
7.794497172
7.618886426
5.503196619
5.880376246
3.902084306
4.2506062
4.484223182
3.096304999
3.455306908
5.712249561
4.80166253
4.802061288
4.407339413
4.367909903
5.560589924
5.143611578
4.926939468
4.907868338
4.723315918
4.966404213
4.404189172
4.64465178
3.753264302
3.936615245
4.101699364
4.113355559
4.253809835
4.297376511
6.293462367
9.16951851
9.03284625
6.788728633
7.196544852
8.362596246
6.120356523
6.342268923
8.378670968
5.540965789
5.179342415
4.920558965
4.95867642
4.766083116
5.057210974
5.217236478
5.048521486
4.809054846
3.796869889
5.254205071
5.28301262
3.502954697
3.913434232
4.614438852
3.326283551
3.612083846
4.799771428
5.627144494
5.036122135
4.876896158
4.743202197
4.595026607
4.875421006
5.07280115
4.933795115
4.709801413
5.2032204
7.655914051
7.533259015
5.454390048
5.862159402
3.90210553
4.234265126
4.480039813
3.101761346
3.459643481
5.712410623
4.81432044
4.795385376
4.413765411
4.371231552
5.561285464
5.146013013
4.913765678
4.908754429
4.723566745
4.966404213
4.411355622
4.641822568
3.759626168
3.941529135
4.108263957
4.119928683
4.258010794
4.293734213
6.293462449
9.356994086
9.069055255
6.806418701
7.298019644
8.576120715
6.08584777
6.383752268
8.492647619
5.540952809
5.178364673
4.930324131
4.958475385
4.765910303
5.057027277
5.216156324
5.047235744
4.81100701
3.796869889
5.364846691
5.292211488
3.51629988
3.959362583
4.697112381
3.315315926
3.630088103
4.829091306
5.627144494
5.03453381
4.867151688
4.743781733
4.593449253
4.875098097
5.07275892
4.932679191
4.700994326
5.2032204
7.881144163
7.553214987
5.468278474
5.944801425
3.902105476
4.270394577
4.481402032
3.113026383
3.477469634
5.71241046
4.812497719
4.78128329
4.415767176
4.370573956
5.561286009
5.145263436
4.922563623
4.908497475
4.722513225
4.967315451
4.280118984
4.259122966
3.351137423
3.393544544
3.863479371
3.552778686
3.791427168
3.843067474
6.289163486
9.520464473
9.533196749
6.84547064
6.932713934
8.62926504
6.002329661
5.929224495
8.553496971
5.54074396
5.282991077
5.132333543
4.82588056
4.779578008
5.067752589
5.204547699
5.109241845
4.950258789
3.795974897
5.432853006
5.429042217
3.379808756
3.424240429
4.660922798
3.191713452
3.201133
4.627051151
5.627155759
5.042025244
4.940548184
4.446922632
4.449814999
4.740608938
4.949182091
4.899808713
4.677441098
5.200698225
7.997534275
7.994424866
5.451456971
5.516353784
3.902084469
4.248481496
4.207015407
2.843402489
2.891346668
5.71225084
4.665169882
4.618275487
3.956238238
3.999927342
5.56062372
5.256990775
5.092310802
4.736850586
4.701957139
4.967315342
4.280555604
4.257957584
3.3480142
3.388384527
3.861388242
3.549085639
3.788222975
3.84088435
6.289161037
9.517868054
9.529664933
6.840806362
6.931771268
8.622297644
6.001143219
5.929092771
8.549873684
5.540743335
5.283779724
5.133034417
4.826450634
4.779046504
5.068757305
5.205112463
5.108483428
4.95000086
3.795974216
5.431572878
5.428114255
3.377048024
3.423967143
4.657725867
3.190208424
3.199550834
4.627384559
5.627140521
5.043782566
4.939827677
4.447078428
4.448766086
4.740809554
4.949196054
4.89988562
4.676384971
5.200697355
7.995121295
7.991307844
5.446826439
5.516560347
3.902084306
4.248067268
4.207532483
2.841347193
2.889567193
5.71224869
4.664879221
4.616725768
3.953375107
3.996730142
5.560597679
5.258123819
5.092319786
4.736734295
4.701737718
4.967315342
4.28038473
4.258260066
3.348768181
3.388664637
3.862006132
3.548449582
3.787865589
3.841009848
6.289161037
9.519697525
9.529967069
6.843427785
6.931893391
8.626623489
6.001543734
5.929376799
8.549338597
5.540741158
5.283098583
5.132419421
4.826846224
4.779080813
5.068010091
5.204614856
5.108712432
4.950192829
3.795974298
5.431767104
5.431847137
3.378854618
3.4239241
4.659877262
3.190379931
3.199740359
4.628145351
5.627140521
5.042727814
4.939923564
4.446380003
4.44961468
4.74082174
4.948592406
4.900206107
4.67732385
5.200697355
7.996930598
7.993183561
5.449430801
5.516181874
3.902084306
4.248573852
4.207610973
2.842160159
2.889346815
5.71224869
4.66519037
4.61632808
3.954552219
3.996887989
5.560584264
5.257298046
5.09259415
4.737079598
4.701732244
4.966404213
4.285675243
4.268984552
3.35065376
3.392534566
3.864207041
3.553196373
3.78807901
3.84648381
6.293462449
9.567506604
9.49956634
6.851880016
6.91730142
8.698006045
5.982071946
5.932410558
8.529711362
5.540963503
5.283716654
5.137164446
4.826795444
4.778612325
5.067927474
5.20460691
5.112647674
4.951650405
3.796869889
5.487290959
5.464937845
3.383840082
3.422262316
4.69627307
3.188828228
3.20105124
4.639438867
5.627144494
5.041892813
4.953647243
4.447123613
4.449851194
4.739187824
4.948993274
4.901899079
4.681937418
5.2032204
8.062967193
7.992210316
5.457217987
5.507387379
3.902105394
4.273519978
4.231269033
2.844597984
2.891105433
5.71241046
4.663852016
4.630270689
3.955103983
3.999076353
5.561289464
5.257642533
5.098567307
4.736833062
4.701000817
4.966404213
4.283482862
4.263749177
3.352055183
3.394138823
3.863493595
3.554061344
3.795156156
3.843629
6.293462367
9.603471055
9.574999514
6.849064403
6.936964311
8.655621297
5.971766707
5.982509164
8.598962042
5.540952809
5.284320353
5.137533726
4.826737185
4.778309113
5.067951992
5.204389685
5.109041629
4.952493724
3.796869889
5.461285967
5.478241193
3.381637149
3.42823559
4.676744733
3.182384377
3.216601106
4.658511094
5.627142834
5.042490404
4.949274201
4.447460263
4.449751842
4.740338016
4.948855477
4.902064147
4.679967522
5.2032204
8.048724399
8.037606803
5.455014935
5.522897364
3.90210553
4.263117472
4.228490409
2.84442405
2.891890853
5.71241046
4.663784595
4.621027961
3.957092519
4.000182849
5.561292158
5.258096875
5.099774441
4.736672245
4.701440951
4.967315451
4.793729609
4.352357964
4.110852873
3.82123734
4.469167156
4.35772676
4.223514773
4.09131464
6.289163486
9.460482896
9.326593453
7.507294023
6.783657828
8.784643796
6.453947721
6.097864769
8.505056346
5.54074396
4.92180743
5.13115796
4.787301971
4.978787619
4.825487881
5.035181934
5.241384754
5.039394927
3.795974897
5.659892116
5.232504657
4.205790705
3.514800138
5.114122152
3.738243402
3.341823901
4.618636102
5.627155759
4.899957841
5.005228182
4.655055193
4.794084771
4.758909826
4.940556107
5.134112501
4.875700708
5.200698225
7.989961464
7.767324373
6.171978291
5.447791125
3.902084551
4.709908191
4.173598539
3.703682221
3.150489848
5.71225084
4.888079765
4.774853493
4.474104496
4.471432786
5.560631312
4.916737518
5.102919927
4.752642195
4.936286282
4.967315342
4.800200074
4.348282625
4.111310308
3.817681455
4.476353361
4.355543579
4.222121551
4.087231845
6.289161118
9.452617481
9.322966633
7.512350806
6.779282165
8.782152392
6.453914415
6.096779576
8.49988678
5.540741158
4.922062519
5.131626941
4.787114705
4.978058722
4.825714716
5.035152465
5.24146451
5.038842765
3.795974162
5.66037843
5.227601155
4.20882687
3.510046733
5.116017525
3.736830289
3.340526271
4.6122178
5.627140521
4.897482148
5.004163941
4.655104961
4.792692882
4.758462664
4.940656706
5.133300148
4.875600222
5.200697355
7.988199478
7.762577498
6.176531973
5.443347952
3.902084306
4.71039216
4.168644126
3.705851946
3.145315162
5.71224869
4.897488963
4.771336873
4.474027217
4.469433497
5.56061836
4.918542097
5.102537508
4.752543637
4.935637766
4.967315342
4.801723754
4.349339713
4.111382177
3.818039062
4.474587757
4.355488096
4.221824167
4.088329914
6.289161037
9.47510036
9.323196779
7.509839962
6.778349213
8.797139907
6.453946469
6.095055659
8.499337526
5.540741158
4.915663226
5.131673009
4.787128342
4.978208138
4.825278702
5.034573609
5.241649
5.038858221
3.795974216
5.668401869
5.227019933
4.208225618
3.508768967
5.121229712
3.737372164
3.339322084
4.611592714
5.627140521
4.896958793
5.004117683
4.655604936
4.792826869
4.758692569
4.941161253
5.133578598
4.875555596
5.200697436
8.003229044
7.762344
6.174122921
5.442673042
3.902084306
4.71641686
4.168069216
3.70554407
3.145014593
5.712249561
4.889487794
4.772219839
4.473992468
4.469600981
5.560614985
4.911378514
5.102497535
4.75343828
4.935776406
4.966404322
4.781849669
4.351907372
4.108159472
3.822963788
4.456704049
4.358933368
4.225544592
4.091002965
6.293462449
9.642355967
9.316336961
7.55419221
6.683198312
8.891876712
6.47259896
6.066618165
8.445727095
5.540965762
4.913979911
5.131853722
4.785964205
4.978750394
4.818202853
5.035085526
5.241289321
5.038644969
3.796869889
5.673485206
5.229833443
4.225162855
3.494082237
5.131531857
3.745532696
3.330978231
4.601976516
5.627144494
4.874506841
5.003963369
4.652247579
4.79401375
4.743601895
4.940365304
5.133777828
4.875897607
5.2032204
8.112243025
7.75480587
6.211336165
5.378676223
3.90210553
4.691923853
4.173303948
3.706645856
3.148986204
5.712410813
4.873725719
4.773430661
4.47122543
4.472276023
5.561287342
4.907400046
5.102383852
4.751427396
4.936237193
4.966404213
4.783665383
4.350620985
4.109206063
3.821395001
4.460990052
4.355946248
4.223428029
4.09171924
6.293462449
9.204091857
9.186981947
7.475199151
6.713172831
8.675298788
6.446098864
6.091639412
8.367766315
5.540952809
4.910309326
5.132249297
4.786961017
4.978798721
4.819934284
5.035296547
5.242136295
5.039121079
3.796869889
5.590600866
5.189975134
4.193793254
3.499147431
5.075032281
3.734169832
3.340445373
4.577437035
5.627144494
4.893449658
5.004311873
4.65449266
4.794098376
4.755146491
4.941864408
5.134803361
4.876543324
5.2032204
7.81578547
7.665590877
6.147552007
5.39899677
3.902105476
4.68784691
4.162469276
3.69939802
3.147550832
5.71241046
4.882402743
4.773337317
4.473160084
4.471459806
5.561290771
4.906597347
5.103092108
4.752266874
4.936292568
4.967315451
4.793729609
4.352357964
4.110852873
3.82123734
4.469167156
4.35772676
4.223514773
4.09131464
6.289163486
9.460482896
9.326593453
7.507294023
6.783657828
8.784643796
6.453947721
6.097864769
8.505056346
5.54074396
4.92180743
5.13115796
4.787301971
4.978787619
4.825487881
5.035181934
5.241384754
5.039394927
3.795974897
5.659892116
5.232504657
4.205790705
3.514800138
5.114123784
3.738243402
3.341823901
4.618636102
5.627155759
4.899957841
5.005228182
4.655055193
4.794084771
4.758909826
4.940556107
5.134112501
4.875700708
5.200698225
7.989961464
7.767324373
6.171978291
5.447791125
3.902084551
4.709908191
4.173598539
3.703682221
3.150489848
5.71225084
4.888079765
4.774853493
4.474104496
4.471432786
5.561560155
4.916737518
5.102919927
4.752642195
4.936286282
4.967315342
4.801723782
4.349339713
4.111382177
3.818039062
4.474587757
4.355488096
4.221824167
4.088329914
6.289161118
9.47510036
9.323196779
7.509839962
6.778349213
8.79713988
6.453946469
6.095055659
8.499337526
5.540741158
4.915663226
5.131673009
4.787128342
4.978208138
4.825278702
5.034573609
5.241649
5.038858221
3.795974243
5.668401869
5.227019933
4.208225618
3.508768967
5.121229767
3.737372164
3.339322084
4.611592605
5.627140521
4.896959963
5.004117683
4.655604964
4.792826869
4.758692352
4.941161253
5.133578598
4.875555596
5.200697355
8.003229044
7.762344
6.174122921
5.442673042
3.902084251
4.71641686
4.168069216
3.705544098
3.145014593
5.712248772
4.889487821
4.772219839
4.473992468
4.469600981
5.560629761
4.911378514
5.102497535
4.75343828
4.935776406
4.967315342
4.800200074
4.348282625
4.111310308
3.817681455
4.476353361
4.355543579
4.222121551
4.087231845
6.289160819
9.452617481
9.322966633
7.512350806
6.779282165
8.782152392
6.453914415
6.096779576
8.49988678
5.540741158
4.922062519
5.131626941
4.787114705
4.978058722
4.825714716
5.035152465
5.24146451
5.038842765
3.795974216
5.66037843
5.227601155
4.20882687
3.510046733
5.116017525
3.736830289
3.340526271
4.6122178
5.627140738
4.897482148
5.004163941
4.655104961
4.792692882
4.758462664
4.940656706
5.133300148
4.875600222
5.200697355
7.988199478
7.762577498
6.176531973
5.443347952
3.902084251
4.71039216
4.168644126
3.705851946
3.145315162
5.71224869
4.897491385
4.771336873
4.474027217
4.469433497
5.56061621
4.918541389
5.102537508
4.752543637
4.935637766
4.966404213
4.783665329
4.350620985
4.109206063
3.821395001
4.460990052
4.355946248
4.223428029
4.09171924
6.293462285
9.204091857
9.186981947
7.475199151
6.713172831
8.675298706
6.446098864
6.091639412
8.367766315
5.540965762
4.910309489
5.132249297
4.786961017
4.978798721
4.819933794
5.035296547
5.242136295
5.039121841
3.796869889
5.590600866
5.189975134
4.193793254
3.499147431
5.075032281
3.734169832
3.340445373
4.577437035
5.627144766
4.893449441
5.004311873
4.65449266
4.794098376
4.755146382
4.941864408
5.134803361
4.876541147
5.2032204
7.81578547
7.665590877
6.147552007
5.39899677
3.902105476
4.68784691
4.162469276
3.69939802
3.147550832
5.71241046
4.882402743
4.773337317
4.473160084
4.471459806
5.561287369
4.906586381
5.103092108
4.752266874
4.936292568
4.966404213
4.781849669
4.351907372
4.108159472
3.822963788
4.456704049
4.358933368
4.225544592
4.091002965
6.293462367
9.642355967
9.316336961
7.55419221
6.683198312
8.891876658
6.47259896
6.066618165
8.445727204
5.540952809
4.913979911
5.131853722
4.785964205
4.978750394
4.818202853
5.035085526
5.241289321
5.038644914
3.796869808
5.673485206
5.229833443
4.225162855
3.494082237
5.131531693
3.745532696
3.330978231
4.601976516
5.627143133
4.87451095
5.003963369
4.652247579
4.79401375
4.743601895
4.940365304
5.133777828
4.875897607
5.2032204
8.112243025
7.75480587
6.211336165
5.378676223
3.90210553
4.691923853
4.173303948
3.706645856
3.148986204
5.712409698
4.873725801
4.773430661
4.47122543
4.472276023
5.561290798
4.908895613
5.102383852
4.751427396
4.936237193
4.967315451
4.280118984
4.259122966
3.351137423
3.393544544
3.863479371
3.552778686
3.791427168
3.843067474
6.289163486
9.520464473
9.533196749
6.84547064
6.932713934
8.62926504
6.002329661
5.929224495
8.553496971
5.54074396
5.282991077
5.132333543
4.82588056
4.779578008
5.067752589
5.204547699
5.109241845
4.950258789
3.795974842
5.432853006
5.429042217
3.379808756
3.424240429
4.660922962
3.191713452
3.201133
4.627051151
5.627155759
5.042025244
4.940548184
4.446922632
4.449814999
4.740608938
4.949182091
4.899808713
4.677441098
5.200698225
7.997534275
7.994424866
5.451456971
5.516353784
3.902084551
4.248481496
4.207015407
2.843402489
2.891346668
5.712250922
4.665169882
4.618275487
3.956238238
3.999927342
5.560620292
5.256990775
5.092310802
4.736850586
4.701957139
4.967315342
4.28038473
4.25826012
3.348768181
3.388664637
3.862006132
3.548449582
3.787865589
3.841009848
6.289161037
9.519702967
9.529967069
6.843427785
6.931893391
8.626623489
6.001543734
5.929376799
8.549338597
5.540741158
5.283098583
5.132419421
4.826846224
4.779080813
5.068010091
5.204614856
5.108712432
4.950192829
3.795974162
5.431767077
5.431847137
3.378854618
3.4239241
4.659877262
3.190379931
3.199740359
4.628145351
5.627140521
5.042727814
4.939923564
4.446380003
4.44961468
4.74082174
4.948592406
4.900206107
4.67732385
5.200697436
7.996930598
7.993183561
5.449430801
5.516181874
3.902084251
4.248573852
4.207610973
2.842160159
2.889346815
5.71224869
4.66519037
4.61632808
3.954552219
3.996887989
5.560652428
5.257298046
5.09259415
4.737079598
4.701732244
4.967315342
4.280555604
4.257957584
3.3480142
3.388384527
3.861388242
3.549085639
3.788222975
3.84088435
6.289161037
9.517868054
9.529664933
6.840806362
6.931771268
8.622297644
6.001143219
5.929092771
8.549873684
5.540741158
5.283779724
5.133034417
4.826450634
4.779046504
5.068757305
5.205112463
5.108483428
4.95000086
3.795974216
5.431572878
5.428114255
3.377048024
3.423967143
4.657725867
3.190208424
3.199550834
4.627384559
5.627140521
5.043782566
4.939827677
4.447078428
4.448766086
4.740809554
4.949196054
4.89988562
4.676384971
5.200697355
7.995121295
7.991307844
5.446826439
5.516560347
3.902084251
4.248067268
4.207532483
2.841347193
2.889567193
5.71224869
4.664879221
4.616725768
3.953375107
3.996730142
5.560613843
5.258123819
5.092319786
4.736734295
4.701737718
4.966404213
4.283482862
4.263749177
3.352055183
3.394138823
3.863493595
3.554061344
3.795156156
3.843629
6.293462367
9.603471055
9.574999514
6.849064403
6.936964311
8.655621297
5.971766707
5.982509164
8.598962042
5.540965762
5.284320353
5.137533726
4.826737185
4.778309113
5.067951992
5.204389685
5.109041629
4.952493724
3.796869889
5.461285967
5.478241193
3.381637149
3.42823559
4.676746012
3.182384377
3.216601106
4.658511094
5.627142834
5.042490404
4.949274201
4.447460263
4.449751842
4.740338016
4.948855477
4.902064147
4.679967522
5.2032204
8.048724399
8.037606803
5.455014935
5.522897364
3.90210553
4.263117472
4.228490409
2.84442405
2.891890853
5.712409698
4.663784595
4.621027961
3.957092519
4.000182849
5.561292866
5.258096875
5.099774441
4.736672245
4.701440951
4.966404213
4.285675243
4.268984552
3.35065376
3.392534566
3.864207041
3.553196373
3.78807901
3.84648381
6.293462367
9.567506604
9.49956634
6.851880016
6.91730142
8.698006045
5.982071946
5.932410558
8.529711281
5.540952809
5.283716654
5.137164446
4.826795444
4.778612325
5.067927474
5.20460691
5.112647674
4.951650405
3.796869889
5.487290959
5.464937845
3.383840082
3.422262316
4.69627307
3.188828228
3.20105124
4.639438867
5.627143133
5.041892813
4.953647243
4.447123613
4.449851194
4.739187824
4.948993274
4.901899079
4.681937418
5.2032204
8.062967193
7.992210316
5.457217987
5.507387379
3.902105449
4.273519978
4.231269033
2.844597984
2.891105433
5.712410623
4.663852016
4.630270689
3.955103983
3.999076353
5.561289464
5.257642533
5.098567307
4.736833062
4.701000817
4.967315451
4.408365445
4.656417479
3.755143753
3.93925933
4.102298791
4.115550867
4.253596928
4.306239094
6.289163486
9.317135205
9.208243237
6.86919897
7.219973015
8.547982305
6.148950289
6.341892894
8.424214773
5.54074396
5.177576833
4.931331965
4.958617263
4.767259335
5.05669449
5.217857642
5.046362901
4.816937711
3.795974897
5.340420716
5.328321619
3.531995502
3.923838851
4.685170949
3.335561544
3.61157154
4.831208283
5.627155759
5.032457837
4.882042122
4.743098224
4.596295887
4.874013258
5.072996049
4.931187221
4.715783322
5.200698225
7.807114093
7.619898074
5.516452341
5.88051141
3.902084469
4.264654388
4.501491895
3.110281378
3.463898911
5.712251683
4.809690291
4.79898551
4.414489737
4.372689948
5.560622305
5.143940468
4.923923219
4.908679762
4.723753821
4.967315342
4.396687268
4.643844515
3.744727477
3.931019446
4.089905649
4.109542743
4.246630764
4.298629956
6.289161037
9.309936925
9.178870923
6.857576825
7.22133028
8.533196812
6.144829213
6.339880925
8.425543664
5.540741158
5.176897818
4.935000489
4.958594628
4.766628425
5.056988972
5.217196854
5.046590602
4.818336135
3.795974162
5.325527875
5.323330476
3.516873059
3.918457772
4.667587638
3.330424495
3.60604649
4.820770885
5.627140521
5.03236359
4.882363816
4.742202886
4.594625743
4.872820208
5.072880706
4.930920884
4.716831835
5.200697436
7.794497172
7.618886426
5.503196619
5.880376246
3.902084306
4.2506062
4.484223182
3.096304999
3.455306908
5.71224869
4.80166253
4.802061288
4.407339413
4.367909903
5.56061836
5.143611578
4.926939468
4.907868338
4.723315918
4.967315342
4.397457148
4.653988332
3.744510201
3.932624941
4.090469135
4.107900871
4.246509457
4.305925928
6.289161037
9.310518143
9.194747619
6.855665369
7.222677576
8.53336791
6.143347092
6.341267644
8.437905563
5.540741158
5.177085411
4.931786734
4.958861704
4.766879318
5.057179476
5.217521264
5.046288945
4.8179425
3.795974216
5.324854194
5.336414615
3.515162806
3.922334192
4.667520649
3.327879114
3.607951846
4.83099808
5.627140521
5.032380978
4.884103407
4.742528248
4.594465914
4.872915964
5.072377171
4.93069286
4.717832484
5.200697355
7.795231647
7.618616991
5.501712594
5.882284162
3.902084306
4.250185172
4.496640356
3.095700515
3.458723345
5.71224869
4.802763782
4.804930133
4.407767061
4.366530613
5.560619285
5.144757184
4.925503699
4.908168231
4.724503084
4.966404213
4.411355622
4.641821751
3.759626168
3.941529135
4.108263957
4.119928683
4.258010794
4.293734186
6.293462449
9.356994086
9.069055255
6.806418701
7.298019644
8.576120715
6.08584777
6.383752268
8.492647619
5.540963476
5.178364673
4.930323832
4.958475385
4.765910303
5.057027277
5.216156324
5.047235744
4.81100701
3.796869889
5.364846691
5.292211488
3.51629988
3.959362583
4.697112381
3.315315926
3.630088103
4.829091306
5.627144494
5.03453381
4.867179851
4.743781733
4.593449253
4.875098097
5.07275892
4.932679191
4.701016856
5.2032204
7.881144163
7.553214552
5.468278474
5.944801425
3.902105476
4.270394577
4.481401978
3.113026383
3.477469634
5.71241046
4.812497719
4.78128329
4.415767176
4.370573956
5.561275777
5.145263436
4.922562997
4.908497475
4.722513225
4.966404213
4.404189172
4.64465178
3.753264302
3.936615245
4.101699364
4.113355559
4.253809835
4.297376783
6.293462449
9.16951851
9.03284625
6.788728633
7.196544852
8.362596246
6.120356523
6.342268923
8.378670968
5.540952809
5.179342415
4.920558965
4.95867642
4.766083116
5.057210974
5.217236478
5.048521486
4.809062002
3.796869889
5.254205071
5.28301262
3.502954697
3.913434232
4.614438852
3.326283551
3.612083846
4.799771428
5.627144766
5.036122135
4.87689243
4.743202197
4.595026607
4.875421006
5.07280115
4.933795115
4.709801576
5.2032204
7.655914051
7.533259015
5.454390048
5.862159402
3.90210553
4.234265126
4.480039813
3.101761346
3.459643481
5.712410813
4.81432044
4.795385458
4.413765411
4.371231552
5.561286036
5.146013013
4.913752807
4.908754429
4.723566745
4.967315451
4.34498557
4.821465924
3.838380298
4.147792915
4.090726696
4.248103124
4.380828071
4.500213629
6.289163486
9.310947669
9.578109743
6.732176677
7.580599764
8.466630778
6.080140621
6.480475222
8.884622217
5.54074396
5.126278017
4.920078399
4.983069505
4.791601179
5.03789844
5.246443856
5.034070717
4.825427292
3.795974897
5.203520081
5.744403123
3.502526229
4.274525584
4.593435993
3.342040534
3.767025947
5.191481385
5.627155759
5.000194279
4.900477945
4.803763541
4.665098841
4.876334539
5.146319951
4.943836893
4.765213144
5.200698225
7.738195217
8.102479239
5.407809498
6.246078624
3.902084551
4.154926876
4.761076889
3.159299845
3.75809312
5.712250922
4.767569911
4.903845302
4.483873409
4.493943352
5.560589461
5.097800298
4.916005108
4.942202281
4.758601779
4.967315451
4.365566859
4.758140464
3.801456118
4.062963863
4.093286807
4.191736343
4.327380008
4.424679227
6.289163486
9.339349939
9.29902165
6.823587244
7.417548078
8.531375138
6.11672606
6.420418265
8.673291386
5.54074396
5.141697236
4.920435182
4.972315464
4.780072043
5.043131386
5.234968862
5.036921741
4.82193785
3.795974897
5.269363944
5.563626087
3.524392852
4.120379833
4.643784184
3.342013562
3.700136346
5.024121754
5.627155759
5.010601055
4.892505559
4.779035557
4.639249106
4.875462297
5.116753037
4.937310152
4.747865828
5.200698225
7.792282182
7.863113358
5.480680229
6.081495276
3.902084551
4.197926839
4.646439481
3.138615311
3.633490177
5.712250922
4.785128739
4.863803032
4.457681355
4.447191921
5.560589516
5.111530759
4.91661322
4.927158957
4.744291405
4.967315451
4.421958716
4.513388551
3.701644934
3.797566183
4.102821668
3.941502293
4.174251933
4.157008506
6.289163486
9.360363683
9.420122498
6.872042899
6.978005487
8.531375579
6.130509204
6.25289349
8.434730999
5.54074396
5.224207792
4.972805557
4.938268012
4.76231308
5.069870256
5.199107848
5.063287793
4.836349257
3.795974897
5.345408619
5.180907647
3.515095352
3.714065142
4.671494181
3.2866241
3.510672751
4.589203672
5.627155759
5.058710497
4.890800032
4.687270906
4.548603896
4.860993945
5.021498724
4.925105241
4.686448076
5.200698225
7.836443434
7.74896735
5.516825092
5.644166563
3.902084469
4.275256321
4.267507698
3.070440825
3.283492035
5.712250922
4.792387807
4.716872579
4.310775123
4.272419096
5.560622305
5.186184678
4.957760141
4.87995598
4.709361262
4.967315451
4.335256984
4.313762198
3.495809972
3.594257469
3.95278213
3.775664433
3.986536976
3.935267834
6.289163486
9.453800658
9.556242955
6.828292757
6.890561351
8.593988824
6.074360456
6.072332748
8.580928661
5.540742682
5.271084146
5.044182861
4.898942665
4.771077836
5.074610834
5.189458442
5.087008038
4.881746768
3.795974897
5.395943076
5.24540072
3.411170971
3.484355361
4.649515813
3.235250224
3.331849618
4.528061959
5.627155759
5.060899814
4.903214682
4.597625104
4.50373892
4.821091831
4.974155479
4.917611662
4.668461198
5.200698225
7.937260836
8.006388902
5.450933818
5.503930785
3.902084469
4.252382082
4.164219871
2.915559879
3.02778366
5.71225084
4.738741872
4.65367862
4.164816428
4.140738363
5.560588128
5.22206588
5.014319776
4.828784306
4.706733859
4.967315451
4.273587833
4.25983332
3.320968839
3.15409611
3.823065925
3.710368803
3.598552801
3.813453279
6.289163486
9.538279991
9.536097368
6.847324113
6.85219492
8.58530097
5.913014562
5.949811568
8.615897933
5.54074396
5.18017457
5.23158088
4.780609936
4.790481981
4.984679843
5.124317016
5.158477081
5.021104786
3.795974897
5.391781697
5.420494786
3.413834074
3.375133108
4.611211838
3.171329322
3.172168636
4.646952742
5.627155759
4.967759113
4.998239769
4.41482879
4.372468776
4.686434975
4.896327846
4.911076637
4.6878422
5.200698225
7.998859046
8.00391117
5.446722271
5.454353906
3.902084551
4.248332145
4.230570801
2.861136578
2.821966407
5.712251683
4.616154907
4.615988554
3.916509287
3.650692834
5.560590849
5.136244565
5.185059694
4.695190805
4.695205433
4.967315451
4.273271472
4.304865354
3.478396156
3.418779896
3.872700372
3.882419085
3.690606986
3.900597435
6.289163486
9.535603441
9.491610028
6.90920028
6.834527875
8.516796018
5.995815627
6.04384008
8.621609824
5.54074396
5.087552703
5.298366558
4.777033235
4.868149641
4.914747649
5.099612
5.192580725
5.073595359
3.795974897
5.333601661
5.423793581
3.438808478
3.389868477
4.566747717
3.256725008
3.21336776
4.657407973
5.627155759
4.917294655
5.053498254
4.479359318
4.534506094
4.670237356
4.910268611
4.958170082
4.787456079
5.200698225
7.992584911
7.977592312
5.503205203
5.447246746
3.902084551
4.171724089
4.253526066
2.941489938
2.870610518
5.712251683
4.630157228
4.702770118
4.071614796
4.077363966
5.560618278
5.051887331
5.242294516
4.706104889
4.788619487
4.967315451
4.591857944
4.431519608
3.868568713
3.729318859
4.23420075
4.213363181
4.028835936
4.103372048
6.289163486
9.30590773
9.328322788
7.125618997
6.877254544
8.387892922
6.298771928
6.158994029
8.531380432
5.540742682
4.948277891
5.199738538
4.763014787
4.949902753
4.823538631
5.053511217
5.207554556
5.06400112
3.795974897
5.22576249
5.348655799
3.824051523
3.526158787
4.707055496
3.561796062
3.317296313
4.693935151
5.627155759
4.886094431
5.04592705
4.572930858
4.71844466
4.7011677
4.928211796
5.047122143
4.86909494
5.200698225
7.65198986
7.806702129
5.782788352
5.520407631
3.902084469
4.388291089
4.294317479
3.372326008
3.090824037
5.71225084
4.758425047
4.805053796
4.328542734
4.367688431
5.560580074
4.938672962
5.163990008
4.71528469
4.895822474
4.967315451
4.710870747
4.384909506
4.004495792
3.779788569
4.369710994
4.29249187
4.155272293
4.097286118
6.289163486
9.156260275
9.331552823
7.319504785
6.851628489
8.557924083
6.383057516
6.1342969
8.544912141
5.54074396
4.922435331
5.156046017
4.772840352
4.964928792
4.817015888
5.041061673
5.226891607
5.049203597
3.795974897
5.465862517
5.307072716
4.024539799
3.531150047
4.927955687
3.657781945
3.339532371
4.667561659
5.627155759
4.883948574
5.02049838
4.619204909
4.762879516
4.733303349
4.933913068
5.096160496
4.875205123
5.200698225
7.696339293
7.81115144
5.98275565
5.502922334
3.902084469
4.576825417
4.229904884
3.553157237
3.126009941
5.712251683
4.833651051
4.801191116
4.412761002
4.442937102
5.560584128
4.917659908
5.125788839
4.733358879
4.918009718
4.967315451
4.83703895
4.338384829
4.170971333
3.848499278
4.518261828
4.395765495
4.262951627
4.090021005
6.289163486
9.659244572
9.280351753
7.631165407
6.67698302
8.953471671
6.498020308
6.068702024
8.408182576
5.54074396
4.913008042
5.121868973
4.7939833
4.986236198
4.822193285
5.033801505
5.249263938
5.036644815
3.795974897
5.805026148
5.183115249
4.319635595
3.492861959
5.245925623
3.785045317
3.341261207
4.574054598
5.627155759
4.898209845
4.996535023
4.673301574
4.809000195
4.76644079
4.946133843
5.154413999
4.876446622
5.200698225
8.181524628
7.709148685
6.296289875
5.368832349
3.902084469
4.795586051
4.143120589
3.793548937
3.16415268
5.712251683
4.909838064
4.760871179
4.506747917
4.490972672
5.560588128
4.908705661
5.093363081
4.762288822
4.946004533
4.967315451
4.837038923
4.338384829
4.170971333
3.848499278
4.518261828
4.395765495
4.262951627
4.090021005
6.289163486
9.659244572
9.280351753
7.631165407
6.67698302
8.953471671
6.498020308
6.068702024
8.408182576
5.54074396
4.913008042
5.121868973
4.7939833
4.986236198
4.822193149
5.033801505
5.249263938
5.036644815
3.795974897
5.805026148
5.183115249
4.319635595
3.492861959
5.245925623
3.785045317
3.341261207
4.574054598
5.627155759
4.898209845
4.996535023
4.673301574
4.809000195
4.76644079
4.946133843
5.154413999
4.876446622
5.200698225
8.181524628
7.709148685
6.296289875
5.368832349
3.902084551
4.795586023
4.143120589
3.793548937
3.16415268
5.712250922
4.909838064
4.760871179
4.506747917
4.490972672
5.560627258
4.908705661
5.093363081
4.762288822
4.946004533
4.967315451
4.710870828
4.384909506
4.004495792
3.779788569
4.369710994
4.29249187
4.155272293
4.097286118
6.289163486
9.156260275
9.331552823
7.319504785
6.851628489
8.557924083
6.383057516
6.1342969
8.544912141
5.54074396
4.922435331
5.156046017
4.772840352
4.964928792
4.817014065
5.041062
5.226891607
5.049203706
3.795974897
5.465862517
5.307072716
4.024539799
3.531150047
4.927955687
3.657781945
3.339532371
4.667561659
5.627155759
4.883948574
5.02049838
4.619204909
4.762879516
4.733303703
4.933913068
5.096160496
4.875205123
5.200698225
7.696339293
7.81115144
5.98275565
5.502922334
3.902084551
4.576825417
4.229904884
3.553157237
3.126009941
5.712251792
4.833651051
4.801191116
4.412761002
4.442937102
5.560582768
4.917659908
5.125788839
4.733358879
4.918009718
4.967315451
4.591857944
4.431519608
3.868568713
3.729318859
4.23420075
4.213363181
4.028835936
4.103372048
6.289163486
9.30590773
9.328322788
7.125618997
6.877254544
8.387892922
6.298771928
6.158994029
8.531380432
5.54074396
4.948277891
5.199738538
4.763014787
4.949902753
4.823538631
5.053511217
5.207554556
5.06400112
3.795974897
5.22576249
5.348655799
3.824051523
3.526158787
4.707055496
3.561796062
3.317296313
4.693935151
5.627155759
4.886094431
5.04592705
4.572930858
4.71844466
4.7011677
4.928211796
5.047122143
4.86909494
5.200698225
7.65198986
7.806702129
5.782788352
5.520407631
3.902084551
4.388291089
4.294317479
3.372326008
3.090824037
5.71225084
4.758425047
4.805053796
4.328542734
4.367688431
5.560612645
4.938671329
5.163990008
4.71528469
4.895822474
4.967315451
4.273271472
4.304865354
3.478396156
3.418779896
3.872700372
3.882419085
3.690606986
3.900597435
6.289163486
9.535603441
9.491610028
6.90920028
6.834527848
8.516796018
5.995815627
6.04384008
8.621609824
5.54074396
5.087552839
5.298366558
4.777033235
4.868149641
4.914747649
5.099612
5.192580725
5.073595359
3.795974897
5.333601661
5.423793581
3.438808478
3.389868477
4.566747717
3.256725008
3.21336776
4.657407973
5.627155759
4.917294655
5.053498254
4.479359318
4.534506094
4.670237356
4.910268611
4.958170082
4.787456079
5.200698225
7.992584911
7.977592312
5.503205203
5.447246746
3.902084469
4.171724089
4.253526066
2.941489938
2.870610518
5.712251683
4.630157228
4.702770118
4.071614796
4.077363966
5.560621026
5.051887331
5.242294516
4.706104889
4.788619487
4.967315451
4.273587833
4.25983332
3.320968839
3.15409611
3.823065925
3.710368803
3.598552801
3.813453279
6.289163486
9.538279991
9.536097368
6.847324113
6.85219492
8.58530097
5.913014562
5.949811568
8.615897933
5.54074396
5.18017457
5.23158088
4.780609936
4.790481981
4.984679843
5.124317016
5.158477081
5.021104786
3.795974897
5.391781697
5.420494786
3.413834074
3.375133108
4.611211838
3.171329322
3.172168636
4.646952742
5.627155759
4.967759113
4.998239769
4.41482879
4.372468776
4.686434975
4.896327846
4.911076637
4.6878422
5.200698225
7.998859046
8.00391117
5.446722271
5.454353906
3.902084469
4.248332145
4.230570801
2.861136578
2.821966407
5.712250922
4.616154907
4.615988554
3.916509287
3.650692834
5.560589461
5.136244565
5.185059694
4.695190805
4.695205433
4.967315451
4.335256984
4.313762198
3.495809972
3.594257469
3.952782729
3.775664433
3.986536976
3.935267834
6.289163486
9.453800658
9.556242955
6.828292757
6.890561351
8.593988824
6.074360456
6.072332748
8.580928661
5.54074396
5.271084146
5.044182997
4.898942665
4.771077836
5.074610834
5.189458442
5.087008038
4.881746632
3.795974897
5.395943076
5.24540072
3.411170971
3.484355361
4.649515813
3.235250224
3.331849618
4.528061959
5.627155759
5.060899814
4.903214682
4.597625104
4.50373892
4.821091831
4.974155479
4.917611662
4.668461198
5.200698225
7.937260836
8.006388902
5.450933818
5.503930785
3.902084551
4.252382082
4.164219871
2.915559879
3.02778366
5.71225084
4.738741872
4.653678566
4.164816428
4.140738363
5.560586795
5.22206588
5.014319776
4.828784306
4.706733859
4.967315451
4.421958716
4.513388497
3.701644934
3.797566183
4.102821668
3.941502293
4.174251933
4.157008506
6.289163486
9.360363683
9.420122498
6.872042899
6.978005487
8.531375579
6.130509204
6.25289349
8.434730999
5.54074396
5.224207792
4.972805557
4.938268012
4.76231308
5.069870256
5.199107848
5.063287793
4.836349257
3.795974897
5.345408619
5.180907647
3.515095352
3.714065142
4.671494181
3.2866241
3.510672751
4.589203672
5.627155759
5.058710878
4.890800032
4.687270906
4.548603896
4.860993945
5.021498724
4.925105241
4.686448076
5.200698225
7.836443434
7.74896735
5.516825092
5.644166563
3.902084551
4.275256321
4.267507698
3.070440825
3.283492035
5.71225084
4.792387807
4.716872633
4.310775123
4.272419096
5.560588183
5.186184678
4.957760141
4.87995598
4.709361018
4.967315451
4.365566859
4.758140464
3.801456118
4.062963863
4.093286807
4.191736343
4.327380008
4.424676398
6.289163486
9.339349939
9.29902165
6.823587244
7.417548078
8.531375138
6.11672606
6.420418265
8.673291386
5.54074396
5.141697236
4.920435182
4.972315464
4.780072043
5.043131386
5.234968862
5.036921741
4.821939074
3.795974897
5.269363944
5.563626087
3.524392852
4.120379833
4.643784184
3.342013562
3.700136346
5.024121836
5.627155759
5.010601517
4.892501559
4.779035557
4.639249242
4.875462297
5.116753037
4.937310152
4.74786678
5.200698225
7.792282182
7.863113276
5.480680229
6.081495276
3.902084551
4.197926839
4.646439481
3.138615311
3.633490177
5.712251792
4.785128739
4.863804528
4.457681355
4.447191921
5.560584101
5.111530759
4.91661322
4.927158957
4.744291405
4.967315451
4.34498557
4.821465897
3.838380298
4.147792915
4.090726696
4.248103124
4.380828071
4.500213629
6.289163486
9.310947669
9.578109743
6.732176677
7.580599764
8.466630669
6.080140621
6.480475222
8.884622217
5.54074396
5.126278371
4.920078399
4.983069505
4.791601179
5.03789844
5.246443856
5.034070717
4.825427292
3.795974897
5.203520081
5.744403123
3.502526229
4.274525584
4.593435993
3.342040534
3.767025947
5.191483317
5.627155759
5.000194225
4.900468204
4.803763541
4.665098623
4.876334539
5.146319951
4.943836893
4.765214368
5.200698225
7.738195217
8.10247913
5.407809498
6.246078624
3.902084469
4.154926876
4.761076834
3.159299845
3.75809312
5.712251683
4.767569911
4.903847098
4.483873409
4.493943352
5.560612645
5.097800298
4.916005108
4.942202281
4.758601779