1.62
3.202
2.162
3.109
3.316
3.258
2.37
2.849
2.663
1.429
3.08
2.172
2.746
3.338
3.159
1.851
2.332
2.677
1.971
2.565
1.924
2.555
2.616
2.582
2.268
2.431
2.25
1.533
3.228
2.116
3
3.414
3.342
1.999
2.551
2.693
1.996
2.799
1.999
2.773
2.835
2.819
2.402
2.605
2.381
1.463
3.13
2.141
2.837
3.372
1.57
3.268
2.127
3.101
3.405
1.99
3.03
2.103
2.984
3.087
1.977
2.624
1.942
2.61
2.67
1.62
3.202
2.161
3.109
3.316
3.258
2.37
2.849
2.662
1.429
3.08
2.172
2.746
3.337
3.159
1.851
2.332
2.678
1.971
2.565
1.924
2.555
2.617
2.582
2.268
2.431
2.25
1.533
3.228
2.116
3
3.413
3.342
1.999
2.551
2.693
1.996
2.799
1.998
2.772
2.835
2.819
2.402
2.605
2.381
1.463
3.13
2.142
2.837
3.371
1.57
3.268
2.128
3.101
3.405
1.99
3.03
2.102
2.984
3.087
1.977
2.624
1.942
2.61
2.67
1.62
3.202
2.161
3.109
3.316
3.258
2.37
2.849
2.662
1.429
3.08
2.172
2.746
3.337
3.159
1.851
2.332
2.678
1.971
2.565
1.924
2.555
2.617
2.582
2.268
2.431
2.25
1.533
3.228
2.116
3
3.413
3.342
1.999
2.551
2.693
1.996
2.799
1.998
2.772
2.835
2.819
2.402
2.605
2.381
1.463
3.13
2.142
2.837
3.371
1.57
3.268
2.128
3.101
3.405
1.99
3.03
2.102
2.984
3.087
1.977
2.624
1.942
2.61
2.67
1.722
3.364
2.225
3.277
3.405
3.423
2.529
2.991
2.706
1.523
3.182
2.165
2.863
3.382
3.276
1.959
2.417
2.707
2.113
2.718
2.031
2.71
2.744
2.736
2.417
2.574
2.353
1.644
3.363
2.173
3.142
3.484
3.482
2.131
2.666
2.767
2.137
2.956
2.024
2.934
2.959
2.978
2.556
2.749
2.447
1.563
3.244
2.156
2.961
3.426
1.689
3.422
2.215
3.261
3.484
2.125
3.19
2.085
3.151
3.196
2.12
2.778
2.03
2.766
2.796
1.712
3.342
2.221
3.257
3.393
3.402
2.511
2.976
2.705
1.512
3.164
2.176
2.847
3.381
3.258
1.946
2.404
2.712
2.101
2.702
2.018
2.695
2.732
2.72
2.404
2.561
2.343
1.631
3.342
2.175
3.123
3.474
3.461
2.115
2.65
2.762
2.125
2.939
2.021
2.917
2.948
2.961
2.541
2.737
2.439
1.551
3.225
2.164
2.945
3.421
1.675
3.399
2.209
3.241
3.472
2.113
3.171
2.102
3.132
3.185
2.107
2.762
2.018
2.75
2.785
1.713
3.347
2.226
3.26
3.4
3.406
2.512
2.979
2.709
1.515
3.168
2.18
2.85
3.383
3.261
1.948
2.41
2.717
2.102
2.705
2.015
2.698
2.731
2.724
2.406
2.562
2.34
1.633
3.346
2.179
3.126
3.481
3.465
2.116
2.657
2.769
2.126
2.942
2.026
2.92
2.947
2.964
2.543
2.737
2.444
1.554
3.229
2.167
2.947
3.425
1.677
3.404
2.215
3.243
3.48
2.115
3.175
2.095
3.135
3.188
2.109
2.766
2.019
2.753
2.784
1.713
3.347
2.226
3.26
3.4
3.406
2.512
2.979
2.709
1.515
3.168
2.18
2.85
3.383
3.261
1.948
2.41
2.717
2.102
2.705
2.015
2.698
2.731
2.724
2.406
2.562
2.34
1.633
3.346
2.179
3.126
3.481
3.465
2.116
2.657
2.769
2.126
2.942
2.026
2.92
2.947
2.964
2.543
2.737
2.444
1.554
3.229
2.167
2.947
3.425
1.677
3.404
2.215
3.243
3.48
2.115
3.175
2.095
3.135
3.188
2.109
2.766
2.019
2.753
2.784
1.712
3.342
2.221
3.257
3.393
3.402
2.511
2.976
2.705
1.512
3.164
2.176
2.847
3.381
3.258
1.946
2.404
2.712
2.101
2.702
2.018
2.695
2.732
2.72
2.404
2.561
2.343
1.631
3.342
2.175
3.123
3.474
3.461
2.115
2.65
2.762
2.125
2.939
2.021
2.917
2.948
2.961
2.541
2.737
2.439
1.551
3.225
2.164
2.945
3.421
1.675
3.399
2.209
3.241
3.472
2.113
3.171
2.102
3.132
3.185
2.107
2.762
2.018
2.75
2.785
1.722
3.364
2.225
3.277
3.405
3.423
2.529
2.991
2.706
1.523
3.182
2.165
2.863
3.382
3.276
1.959
2.417
2.707
2.113
2.718
2.031
2.71
2.744
2.736
2.417
2.574
2.353
1.644
3.363
2.173
3.142
3.484
3.482
2.131
2.666
2.767
2.137
2.956
2.024
2.934
2.959
2.978
2.556
2.749
2.447
1.563
3.244
2.156
2.961
3.426
1.689
3.422
2.215
3.261
3.484
2.125
3.19
2.085
3.151
3.196
2.119
2.778
2.03
2.766
2.796
1.619
3.202
2.165
3.109
3.316
3.258
2.371
2.848
2.665
1.434
3.095
2.157
2.751
3.331
3.163
1.86
2.328
2.674
1.97
2.565
1.925
2.555
2.616
2.582
2.269
2.431
2.251
1.534
3.23
2.149
3
3.413
3.342
2
2.549
2.706
1.996
2.799
2
2.772
2.835
2.819
2.403
2.605
2.382
1.466
3.14
2.156
2.839
3.368
1.57
3.268
2.141
3.101
3.406
1.99
3.03
2.104
2.984
3.087
1.977
2.624
1.944
2.61
2.67
1.619
3.202
2.165
3.109
3.316
3.258
2.371
2.848
2.665
1.434
3.095
2.153
2.751
3.33
3.163
1.86
2.327
2.674
1.97
2.565
1.925
2.555
2.616
2.582
2.269
2.431
2.25
1.534
3.23
2.148
3
3.413
3.342
2
2.549
2.706
1.996
2.799
2
2.772
2.835
2.819
2.403
2.605
2.382
1.466
3.14
2.154
2.839
3.367
1.57
3.268
2.144
3.101
3.406
1.99
3.03
2.104
2.984
3.087
1.977
2.624
1.943
2.61
2.67
1.619
3.202
2.163
3.109
3.316
3.258
2.371
2.848
2.663
1.434
3.094
2.156
2.751
3.331
3.163
1.86
2.328
2.674
1.97
2.565
1.925
2.555
2.617
2.582
2.269
2.431
2.251
1.534
3.23
2.144
3
3.413
3.342
2
2.549
2.703
1.996
2.799
1.999
2.772
2.835
2.819
2.403
2.605
2.382
1.466
3.14
2.154
2.839
3.367
1.57
3.268
2.138
3.101
3.405
1.99
3.03
2.103
2.984
3.087
1.977
2.624
1.943
2.61
2.67
1.619
3.202
2.165
3.109
3.316
3.258
2.371
2.848
2.665
1.434
3.095
2.157
2.751
3.331
3.163
1.86
2.328
2.674
1.97
2.565
1.925
2.555
2.616
2.582
2.269
2.431
2.251
1.534
3.23
2.149
3
3.413
3.342
2
2.549
2.706
1.996
2.799
2
2.772
2.835
2.819
2.403
2.605
2.382
1.466
3.14
2.156
2.839
3.368
1.57
3.268
2.141
3.101
3.406
1.99
3.03
2.105
2.984
3.087
1.977
2.624
1.944
2.61
2.67
1.619
3.202
2.163
3.109
3.316
3.258
2.371
2.848
2.663
1.434
3.094
2.156
2.751
3.331
3.163
1.86
2.328
2.674
1.97
2.565
1.925
2.555
2.617
2.582
2.269
2.431
2.251
1.534
3.23
2.144
3
3.413
3.342
2
2.549
2.703
1.996
2.799
1.999
2.772
2.835
2.819
2.403
2.605
2.382
1.466
3.14
2.154
2.839
3.367
1.57
3.268
2.138
3.101
3.405
1.99
3.03
2.103
2.984
3.087
1.977
2.624
1.943
2.61
2.67
1.619
3.202
2.165
3.109
3.316
3.258
2.371
2.848
2.665
1.434
3.095
2.153
2.751
3.33
3.163
1.86
2.327
2.674
1.97
2.565
1.925
2.555
2.616
2.582
2.269
2.431
2.25
1.534
3.23
2.148
3
3.413
3.342
2
2.549
2.706
1.996
2.799
2
2.772
2.835
2.819
2.403
2.605
2.382
1.466
3.14
2.154
2.839
3.367
1.57
3.268
2.144
3.101
3.406
1.99
3.03
2.104
2.984
3.087
1.977
2.624
1.943
2.61
2.67
1.539
3.221
2.338
3.166
3.325
3.308
2.512
2.745
2.78
1.446
3.506
1.97
3.201
3.197
3.726
2.03
2.208
2.603
1.778
2.568
1.961
2.553
2.628
2.588
2.289
2.423
2.28
1.539
3.418
2.182
3.267
3.349
3.627
2.208
2.404
2.748
1.786
2.805
2.07
2.777
2.847
2.829
2.443
2.581
2.434
1.479
3.477
2.045
3.235
3.252
1.554
3.342
2.286
3.239
3.393
1.841
3.036
2.24
3.003
3.099
1.776
2.628
1.985
2.609
2.681
1.539
3.22
2.357
3.16
3.327
3.308
2.489
2.726
2.79
1.473
3.284
1.999
3.093
3.196
3.537
1.986
2.243
2.648
1.778
2.566
1.969
2.553
2.63
2.588
2.288
2.419
2.286
1.551
3.368
2.251
3.222
3.348
3.566
2.17
2.422
2.789
1.78
2.803
2.08
2.777
2.849
2.83
2.439
2.574
2.443
1.503
3.322
2.092
3.15
3.252
1.558
3.336
2.338
3.221
3.394
1.804
3.034
2.244
3.002
3.101
1.776
2.626
1.992
2.609
2.683
1.541
3.223
2.342
3.162
3.323
3.307
2.504
2.748
2.779
1.48
3.439
1.893
3.104
3.204
3.64
1.972
2.27
2.572
1.778
2.567
1.96
2.553
2.629
2.587
2.29
2.421
2.28
1.556
3.397
2.179
3.227
3.348
3.591
2.169
2.454
2.746
1.783
2.804
2.064
2.777
2.847
2.829
2.443
2.578
2.432
1.511
3.421
1.998
3.157
3.257
1.56
3.341
2.296
3.225
3.39
1.831
3.036
2.24
3.003
3.099
1.775
2.627
1.983
2.609
2.682
1.541
3.223
2.342
3.162
3.323
3.307
2.504
2.748
2.779
1.48
3.439
1.893
3.104
3.204
3.64
1.972
2.27
2.572
1.778
2.567
1.96
2.553
2.629
2.587
2.29
2.421
2.28
1.556
3.397
2.179
3.227
3.348
3.591
2.169
2.454
2.746
1.783
2.804
2.064
2.777
2.847
2.829
2.443
2.578
2.432
1.511
3.421
1.998
3.157
3.257
1.56
3.341
2.296
3.225
3.39
1.831
3.036
2.24
3.003
3.099
1.775
2.627
1.983
2.609
2.682
1.539
3.22
2.357
3.16
3.327
3.308
2.489
2.726
2.79
1.473
3.284
1.999
3.093
3.196
3.537
1.986
2.243
2.648
1.778
2.566
1.969
2.553
2.63
2.588
2.288
2.419
2.286
1.551
3.368
2.251
3.222
3.348
3.566
2.17
2.422
2.789
1.78
2.803
2.08
2.777
2.849
2.83
2.439
2.574
2.443
1.503
3.322
2.092
3.15
3.252
1.558
3.336
2.338
3.221
3.394
1.804
3.034
2.244
3.002
3.101
1.776
2.626
1.992
2.609
2.683
1.539
3.221
2.338
3.166
3.325
3.308
2.512
2.745
2.78
1.446
3.506
1.97
3.201
3.197
3.726
2.03
2.208
2.603
1.778
2.568
1.961
2.553
2.628
2.588
2.289
2.423
2.28
1.539
3.418
2.182
3.267
3.349
3.627
2.208
2.404
2.748
1.786
2.805
2.07
2.777
2.847
2.829
2.443
2.581
2.434
1.479
3.477
2.045
3.235
3.252
1.554
3.342
2.286
3.239
3.393
1.841
3.036
2.24
3.003
3.099
1.776
2.628
1.985
2.609
2.681
1.62
1.508
1.859
1.952
1.632
1.704
1.757
1.014
1.855
1.429
0.929
2.532
1.389
1.873
1.172
1.202
1.152
2.478
1.971
1.936
1.863
2.035
1.815
1.984
2.045
1.703
1.864
1.533
1.047
2.183
1.534
1.682
1.277
1.375
1.085
2.137
1.996
1.863
1.871
2.038
1.783
1.94
2.054
1.603
1.863
1.463
0.99
2.429
1.424
1.813
1.57
1.247
1.973
1.722
1.592
1.99
1.695
1.843
2.024
1.721
1.977
1.925
1.868
2.037
1.809
1.62
1.478
1.835
1.925
1.604
1.671
1.737
1.004
1.825
1.429
0.949
2.523
1.394
1.849
1.201
1.195
1.144
2.46
1.971
1.934
1.862
2.034
1.814
1.983
2.045
1.703
1.862
1.533
1.068
2.166
1.516
1.651
1.282
1.361
1.078
2.108
1.996
1.856
1.867
2.034
1.779
1.935
2.052
1.602
1.858
1.463
1.02
2.417
1.422
1.786
1.57
1.238
1.951
1.69
1.561
1.99
1.677
1.831
2.01
1.709
1.977
1.923
1.867
2.035
1.807
1.62
1.487
1.832
1.925
1.602
1.677
1.737
1.002
1.823
1.429
0.915
2.519
1.391
1.844
1.176
1.197
1.142
2.454
1.971
1.932
1.862
2.032
1.813
1.982
2.044
1.703
1.862
1.533
1.06
2.158
1.522
1.646
1.282
1.364
1.075
2.101
1.996
1.856
1.867
2.031
1.778
1.934
2.051
1.601
1.858
1.463
0.989
2.412
1.423
1.78
1.57
1.244
1.944
1.696
1.557
1.99
1.681
1.831
2.007
1.708
1.977
1.922
1.866
2.034
1.806
1.722
1.608
1.887
1.928
1.638
1.744
1.755
1.048
1.867
1.523
1.285
2.497
1.554
1.837
1.522
1.277
1.203
2.436
2.113
2.088
1.995
2.144
1.932
2.115
2.164
1.826
1.988
1.644
1.349
2.161
1.594
1.65
1.496
1.427
1.145
2.1
2.137
2.005
1.979
2.12
1.875
2.054
2.152
1.708
1.962
1.563
1.341
2.396
1.554
1.775
1.689
1.436
1.975
1.714
1.578
2.125
1.837
1.909
2.058
1.773
2.12
2.074
1.995
2.14
1.92
1.712
1.693
2.04
2.069
1.8
1.858
1.885
1.154
2.033
1.512
1.084
2.611
1.502
1.986
1.34
1.319
1.28
2.582
2.101
2.145
2.015
2.196
1.969
2.17
2.194
1.85
2.018
1.631
1.263
2.314
1.655
1.823
1.457
1.509
1.222
2.277
2.125
2.092
2.028
2.2
1.94
2.136
2.204
1.751
2.022
1.551
1.162
2.524
1.541
1.934
1.675
1.449
2.141
1.841
1.756
2.113
1.931
2.005
2.175
1.877
2.107
2.139
2.021
2.199
1.964
1.713
1.616
1.889
1.933
1.643
1.751
1.756
1.045
1.873
1.515
1.283
2.491
1.552
1.839
1.518
1.273
1.201
2.431
2.102
2.071
1.985
2.132
1.922
2.101
2.153
1.815
1.978
1.633
1.347
2.156
1.598
1.654
1.495
1.426
1.141
2.1
2.126
1.991
1.971
2.111
1.868
2.042
2.143
1.698
1.955
1.554
1.338
2.389
1.554
1.778
1.677
1.439
1.973
1.722
1.584
2.115
1.833
1.906
2.054
1.769
2.109
2.057
1.985
2.129
1.911
1.713
1.687
2.04
2.07
1.8
1.854
1.885
1.155
2.033
1.515
1.111
2.62
1.509
1.993
1.366
1.321
1.279
2.59
2.102
2.148
2.015
2.197
1.97
2.172
2.195
1.851
2.019
1.633
1.28
2.321
1.656
1.828
1.466
1.509
1.221
2.285
2.126
2.094
2.027
2.201
1.94
2.137
2.205
1.751
2.021
1.554
1.189
2.532
1.545
1.94
1.677
1.452
2.144
1.842
1.759
2.115
1.926
2.004
2.175
1.877
2.109
2.142
2.022
2.2
1.964
1.712
1.577
1.867
1.92
1.624
1.726
1.746
1.036
1.85
1.512
1.257
2.489
1.539
1.826
1.495
1.263
1.189
2.424
2.101
2.066
1.98
2.13
1.917
2.098
2.15
1.812
1.973
1.631
1.311
2.144
1.58
1.636
1.466
1.412
1.13
2.084
2.125
1.978
1.963
2.108
1.861
2.036
2.139
1.694
1.947
1.551
1.31
2.385
1.539
1.763
1.675
1.397
1.955
1.703
1.563
2.113
1.808
1.893
2.047
1.759
2.107
2.05
1.98
2.127
1.906
1.722
1.729
2.036
2.065
1.796
1.871
1.882
1.155
2.028
1.523
1.167
2.599
1.532
1.974
1.425
1.328
1.283
2.565
2.113
2.162
2.027
2.205
1.98
2.183
2.204
1.861
2.029
1.644
1.344
2.3
1.665
1.812
1.512
1.514
1.226
2.262
2.137
2.111
2.038
2.206
1.948
2.148
2.213
1.76
2.03
1.563
1.255
2.51
1.564
1.922
1.689
1.507
2.131
1.838
1.748
2.125
1.958
2.01
2.175
1.881
2.119
2.156
2.033
2.207
1.974
1.619
1.493
1.881
1.961
1.641
1.696
1.776
1.017
1.876
1.434
1.016
2.856
1.459
1.866
1.183
1.303
1.056
2.644
1.97
1.939
1.865
2.035
1.815
1.984
2.047
1.705
1.865
1.534
1.082
2.274
1.567
1.689
1.273
1.419
1.059
2.208
1.996
1.861
1.88
2.038
1.784
1.934
2.057
1.607
1.869
1.466
1.062
2.639
1.479
1.81
1.57
1.248
2.012
1.743
1.605
1.99
1.672
1.858
2.026
1.725
1.977
1.929
1.872
2.037
1.809
1.619
1.465
1.856
1.934
1.613
1.663
1.755
1.007
1.845
1.434
1.038
2.845
1.457
1.841
1.214
1.292
1.049
2.622
1.97
1.938
1.864
2.034
1.814
1.983
2.046
1.705
1.863
1.534
1.108
2.254
1.546
1.658
1.282
1.403
1.052
2.175
1.996
1.855
1.876
2.034
1.78
1.93
2.056
1.605
1.864
1.466
1.094
2.624
1.471
1.782
1.57
1.244
1.988
1.709
1.573
1.99
1.656
1.846
2.012
1.712
1.977
1.927
1.87
2.035
1.807
1.619
1.473
1.853
1.935
1.611
1.669
1.755
1.005
1.843
1.434
0.997
2.834
1.458
1.835
1.185
1.296
1.047
2.611
1.97
1.936
1.864
2.032
1.814
1.982
2.046
1.704
1.863
1.534
1.096
2.245
1.553
1.652
1.28
1.406
1.049
2.168
1.996
1.855
1.875
2.032
1.779
1.928
2.055
1.604
1.864
1.466
1.056
2.614
1.474
1.776
1.57
1.248
1.981
1.716
1.569
1.99
1.66
1.846
2.01
1.712
1.977
1.926
1.87
2.033
1.807
1.619
1.517
1.848
1.95
1.624
1.704
1.754
1.001
1.845
1.434
0.943
2.226
1.407
1.733
1.18
1.214
1.103
2.209
1.97
1.939
1.862
2.035
1.814
1.985
2.049
1.703
1.862
1.534
1.12
2.089
1.527
1.625
1.285
1.379
1.071
2.044
1.996
1.875
1.869
2.037
1.782
1.943
2.057
1.599
1.861
1.466
1.042
2.204
1.429
1.703
1.57
1.281
1.94
1.715
1.57
1.99
1.708
1.84
2.024
1.718
1.977
1.931
1.867
2.037
1.808
1.619
1.49
1.824
1.923
1.596
1.673
1.734
0.992
1.816
1.434
0.962
2.217
1.412
1.71
1.208
1.206
1.096
2.193
1.97
1.938
1.861
2.034
1.813
1.984
2.049
1.703
1.86
1.534
1.144
2.073
1.51
1.596
1.295
1.365
1.064
2.017
1.996
1.87
1.865
2.033
1.778
1.938
2.056
1.598
1.856
1.466
1.071
2.194
1.428
1.678
1.57
1.278
1.92
1.684
1.539
1.99
1.692
1.828
2.01
1.706
1.977
1.928
1.865
2.035
1.806
1.619
1.499
1.821
1.924
1.595
1.678
1.734
0.99
1.813
1.434
0.929
2.215
1.408
1.706
1.182
1.209
1.094
2.188
1.97
1.937
1.86
2.032
1.813
1.982
2.048
1.703
1.86
1.534
1.133
2.067
1.515
1.591
1.291
1.368
1.061
2.011
1.996
1.87
1.865
2.031
1.777
1.937
2.055
1.598
1.856
1.466
1.04
2.19
1.428
1.673
1.57
1.282
1.913
1.69
1.535
1.99
1.696
1.827
2.007
1.706
1.977
1.927
1.865
2.033
1.806
1.539
1.68
1.824
1.954
1.636
1.82
1.574
1.146
1.816
1.446
1.398
2.677
1.57
1.829
1.495
1.217
1.118
2.532
1.778
1.945
1.872
2.021
1.81
1.985
1.965
1.773
1.851
1.539
1.438
2.138
1.613
1.675
1.522
1.25
1.177
2.105
1.786
1.922
1.866
2.028
1.778
1.972
1.951
1.708
1.842
1.479
1.43
2.482
1.572
1.782
1.554
1.518
1.921
1.745
1.599
1.841
1.84
1.83
2.019
1.72
1.776
1.942
1.873
2.024
1.803
1.539
1.72
1.69
2.008
1.567
1.895
1.661
1.035
1.691
1.473
1.657
1.893
1.864
1.466
1.758
1.385
0.995
1.868
1.778
1.933
1.802
2.021
1.802
1.981
1.979
1.715
1.806
1.551
1.527
1.821
1.831
1.4
1.678
1.395
1.065
1.756
1.78
1.918
1.765
2.034
1.764
1.975
1.969
1.624
1.773
1.503
1.638
1.89
1.846
1.431
1.558
1.531
1.734
1.887
1.437
1.804
1.863
1.711
2.039
1.692
1.776
1.931
1.794
2.025
1.794
1.541
1.693
1.816
1.956
1.631
1.826
1.569
1.144
1.802
1.48
1.545
2.584
1.722
1.734
1.668
1.211
1.138
2.4
1.778
1.939
1.871
2.019
1.809
1.98
1.96
1.771
1.85
1.556
1.521
2.146
1.661
1.644
1.598
1.247
1.178
2.077
1.783
1.919
1.861
2.027
1.777
1.97
1.943
1.706
1.838
1.511
1.56
2.444
1.687
1.711
1.56
1.555
1.925
1.757
1.588
1.831
1.843
1.821
2.02
1.718
1.775
1.937
1.871
2.022
1.802
1.541
1.668
1.696
2.009
1.568
1.873
1.697
1.048
1.695
1.48
1.258
1.933
1.834
1.427
1.587
1.41
0.967
1.866
1.778
1.932
1.802
2.023
1.802
1.981
1.979
1.716
1.807
1.556
1.28
1.848
1.824
1.397
1.583
1.425
1.045
1.77
1.783
1.9
1.766
2.035
1.764
1.965
1.978
1.632
1.774
1.511
1.271
1.932
1.824
1.411
1.56
1.423
1.748
1.887
1.438
1.831
1.81
1.714
2.041
1.693
1.775
1.929
1.795
2.027
1.794
1.539
1.695
1.832
1.965
1.646
1.841
1.563
1.139
1.827
1.473
1.361
2.783
1.595
1.886
1.548
1.173
1.164
2.613
1.778
1.932
1.872
2.018
1.81
1.976
1.956
1.772
1.852
1.551
1.476
2.188
1.642
1.716
1.583
1.247
1.177
2.15
1.78
1.911
1.866
2.027
1.78
1.967
1.937
1.707
1.845
1.503
1.441
2.574
1.602
1.837
1.558
1.539
1.941
1.768
1.621
1.804
1.843
1.832
2.022
1.723
1.776
1.929
1.873
2.021
1.804
1.539
1.65
1.699
2.008
1.57
1.855
1.702
1.055
1.698
1.446
1.323
1.871
1.843
1.44
1.598
1.379
1.006
1.858
1.778
1.935
1.804
2.025
1.802
1.982
1.989
1.715
1.808
1.539
1.311
1.835
1.825
1.403
1.587
1.402
1.091
1.766
1.786
1.893
1.77
2.037
1.764
1.959
1.988
1.629
1.775
1.479
1.32
1.894
1.831
1.421
1.554
1.427
1.748
1.886
1.442
1.841
1.785
1.719
2.041
1.693
1.776
1.93
1.797
2.028
1.794
1.62
1.508
1.859
1.952
1.632
1.703
1.757
1.014
1.855
1.429
0.929
2.532
1.389
1.873
1.172
1.202
1.152
2.478
1.971
1.936
1.863
2.035
1.815
1.984
2.045
1.703
1.864
1.533
1.047
2.183
1.534
1.682
1.277
1.375
1.085
2.137
1.996
1.863
1.871
2.038
1.783
1.94
2.054
1.603
1.863
1.463
0.99
2.429
1.424
1.813
1.57
1.247
1.973
1.722
1.592
1.99
1.695
1.843
2.024
1.721
1.977
1.925
1.868
2.037
1.809
1.62
1.487
1.832
1.925
1.602
1.677
1.737
1.002
1.823
1.429
0.915
2.519
1.391
1.844
1.176
1.197
1.142
2.454
1.971
1.932
1.862
2.032
1.813
1.982
2.044
1.703
1.862
1.533
1.06
2.158
1.522
1.646
1.282
1.364
1.075
2.101
1.996
1.856
1.867
2.031
1.778
1.934
2.051
1.601
1.858
1.463
0.989
2.412
1.423
1.78
1.57
1.244
1.944
1.696
1.557
1.99
1.681
1.831
2.007
1.708
1.977
1.922
1.866
2.034
1.806
1.62
1.478
1.835
1.925
1.604
1.671
1.737
1.004
1.825
1.429
0.949
2.523
1.394
1.849
1.201
1.195
1.144
2.46
1.971
1.934
1.862
2.034
1.814
1.983
2.045
1.703
1.862
1.533
1.068
2.166
1.516
1.651
1.282
1.361
1.078
2.108
1.996
1.856
1.867
2.034
1.779
1.935
2.052
1.602
1.858
1.463
1.02
2.417
1.422
1.786
1.57
1.238
1.951
1.69
1.561
1.99
1.677
1.831
2.01
1.709
1.977
1.923
1.867
2.035
1.807
1.722
1.729
2.036
2.065
1.796
1.871
1.882
1.155
2.028
1.523
1.167
2.599
1.532
1.974
1.425
1.328
1.283
2.565
2.113
2.162
2.027
2.205
1.98
2.183
2.204
1.861
2.029
1.644
1.344
2.3
1.665
1.812
1.512
1.514
1.226
2.262
2.137
2.111
2.038
2.206
1.948
2.148
2.213
1.76
2.03
1.563
1.255
2.51
1.564
1.922
1.689
1.507
2.131
1.838
1.748
2.125
1.958
2.01
2.175
1.881
2.119
2.156
2.033
2.207
1.974
1.712
1.577
1.867
1.92
1.624
1.726
1.746
1.036
1.85
1.512
1.257
2.489
1.539
1.826
1.495
1.263
1.189
2.424
2.101
2.066
1.98
2.13
1.917
2.098
2.15
1.812
1.973
1.631
1.311
2.144
1.58
1.636
1.466
1.412
1.13
2.084
2.125
1.978
1.963
2.108
1.861
2.036
2.139
1.694
1.947
1.551
1.31
2.385
1.539
1.763
1.675
1.397
1.955
1.703
1.563
2.113
1.808
1.893
2.047
1.759
2.107
2.05
1.98
2.127
1.906
1.713
1.687
2.04
2.07
1.8
1.854
1.885
1.155
2.033
1.515
1.111
2.62
1.509
1.993
1.366
1.321
1.279
2.59
2.102
2.148
2.015
2.197
1.97
2.172
2.195
1.851
2.019
1.633
1.28
2.321
1.656
1.828
1.466
1.509
1.221
2.285
2.126
2.094
2.027
2.201
1.94
2.137
2.205
1.751
2.021
1.554
1.189
2.532
1.545
1.94
1.677
1.452
2.144
1.842
1.759
2.115
1.926
2.004
2.175
1.877
2.109
2.142
2.022
2.2
1.964
1.713
1.616
1.889
1.933
1.643
1.751
1.756
1.045
1.873
1.515
1.283
2.491
1.552
1.839
1.518
1.273
1.201
2.431
2.102
2.071
1.985
2.132
1.922
2.101
2.153
1.815
1.978
1.633
1.347
2.156
1.598
1.654
1.495
1.426
1.141
2.1
2.126
1.991
1.971
2.111
1.868
2.042
2.143
1.698
1.955
1.554
1.338
2.389
1.554
1.778
1.677
1.439
1.973
1.722
1.584
2.115
1.833
1.906
2.054
1.769
2.109
2.057
1.985
2.129
1.911
1.712
1.693
2.04
2.069
1.8
1.858
1.885
1.154
2.033
1.512
1.084
2.611
1.502
1.986
1.34
1.319
1.28
2.582
2.101
2.145
2.015
2.196
1.969
2.17
2.194
1.85
2.018
1.631
1.263
2.314
1.655
1.823
1.457
1.509
1.222
2.277
2.125
2.092
2.028
2.2
1.94
2.136
2.204
1.751
2.022
1.551
1.162
2.524
1.541
1.934
1.675
1.449
2.141
1.841
1.756
2.113
1.931
2.005
2.175
1.877
2.107
2.139
2.021
2.199
1.964
1.722
1.608
1.887
1.928
1.638
1.744
1.755
1.048
1.867
1.523
1.285
2.497
1.554
1.837
1.522
1.277
1.203
2.436
2.113
2.088
1.995
2.144
1.932
2.115
2.164
1.826
1.988
1.644
1.349
2.161
1.594
1.65
1.496
1.427
1.145
2.1
2.137
2.005
1.979
2.12
1.875
2.054
2.152
1.708
1.962
1.563
1.341
2.396
1.554
1.775
1.689
1.436
1.975
1.714
1.578
2.125
1.837
1.909
2.058
1.773
2.12
2.074
1.995
2.14
1.92
1.619
1.517
1.848
1.95
1.624
1.704
1.754
1.001
1.845
1.434
0.943
2.226
1.407
1.733
1.18
1.214
1.103
2.209
1.97
1.939
1.862
2.035
1.814
1.985
2.049
1.703
1.862
1.534
1.12
2.089
1.527
1.625
1.285
1.379
1.071
2.044
1.996
1.875
1.869
2.037
1.782
1.942
2.057
1.599
1.861
1.466
1.042
2.204
1.429
1.703
1.57
1.281
1.94
1.715
1.57
1.99
1.708
1.84
2.024
1.718
1.977
1.931
1.867
2.037
1.808
1.619
1.499
1.821
1.924
1.595
1.678
1.734
0.99
1.813
1.434
0.929
2.215
1.408
1.706
1.182
1.209
1.094
2.188
1.97
1.937
1.86
2.032
1.813
1.982
2.048
1.703
1.86
1.534
1.133
2.067
1.515
1.591
1.291
1.368
1.061
2.011
1.996
1.87
1.865
2.031
1.777
1.937
2.055
1.598
1.856
1.466
1.04
2.19
1.428
1.673
1.57
1.282
1.913
1.69
1.535
1.99
1.696
1.827
2.007
1.706
1.977
1.927
1.865
2.033
1.806
1.619
1.49
1.824
1.923
1.596
1.673
1.734
0.992
1.816
1.434
0.962
2.217
1.412
1.71
1.208
1.206
1.096
2.193
1.97
1.938
1.861
2.034
1.813
1.984
2.049
1.703
1.86
1.534
1.144
2.073
1.51
1.596
1.294
1.365
1.064
2.017
1.996
1.87
1.865
2.033
1.778
1.938
2.056
1.598
1.856
1.466
1.071
2.194
1.428
1.678
1.57
1.278
1.92
1.684
1.539
1.99
1.692
1.828
2.01
1.706
1.977
1.928
1.865
2.035
1.806
1.619
1.492
1.881
1.961
1.641
1.696
1.776
1.017
1.876
1.434
1.016
2.856
1.459
1.866
1.183
1.303
1.056
2.644
1.97
1.939
1.865
2.035
1.815
1.984
2.047
1.705
1.865
1.534
1.082
2.274
1.567
1.689
1.273
1.419
1.059
2.208
1.996
1.861
1.88
2.038
1.784
1.934
2.057
1.607
1.869
1.466
1.062
2.639
1.479
1.81
1.57
1.248
2.012
1.743
1.605
1.99
1.672
1.858
2.026
1.725
1.977
1.929
1.872
2.037
1.809
1.619
1.473
1.853
1.935
1.611
1.669
1.755
1.005
1.843
1.434
0.997
2.834
1.458
1.835
1.185
1.296
1.047
2.611
1.97
1.936
1.864
2.032
1.814
1.982
2.046
1.704
1.863
1.534
1.096
2.245
1.553
1.652
1.28
1.406
1.049
2.168
1.996
1.855
1.875
2.032
1.779
1.928
2.055
1.604
1.864
1.466
1.056
2.614
1.474
1.776
1.57
1.248
1.981
1.716
1.569
1.99
1.66
1.846
2.01
1.712
1.977
1.926
1.87
2.033
1.807
1.619
1.465
1.856
1.934
1.613
1.663
1.755
1.007
1.845
1.434
1.038
2.845
1.457
1.841
1.214
1.292
1.049
2.622
1.97
1.938
1.864
2.034
1.814
1.983
2.046
1.705
1.863
1.534
1.108
2.254
1.546
1.658
1.282
1.403
1.052
2.175
1.996
1.855
1.876
2.034
1.78
1.93
2.056
1.605
1.864
1.466
1.094
2.624
1.471
1.782
1.57
1.244
1.988
1.709
1.573
1.99
1.656
1.846
2.012
1.712
1.977
1.927
1.87
2.035
1.807
1.539
1.65
1.699
2.008
1.57
1.855
1.702
1.055
1.698
1.446
1.323
1.871
1.843
1.44
1.598
1.379
1.006
1.858
1.778
1.935
1.804
2.025
1.802
1.982
1.989
1.715
1.808
1.539
1.311
1.835
1.825
1.403
1.587
1.402
1.091
1.766
1.786
1.893
1.77
2.037
1.764
1.96
1.988
1.629
1.775
1.479
1.32
1.894
1.831
1.421
1.554
1.427
1.748
1.886
1.442
1.841
1.785
1.719
2.041
1.693
1.776
1.93
1.797
2.028
1.794
1.539
1.695
1.832
1.965
1.646
1.841
1.563
1.139
1.827
1.473
1.361
2.783
1.595
1.886
1.548
1.173
1.164
2.613
1.778
1.932
1.872
2.018
1.81
1.976
1.956
1.772
1.852
1.551
1.476
2.188
1.642
1.716
1.583
1.247
1.177
2.15
1.78
1.911
1.866
2.027
1.78
1.967
1.937
1.707
1.845
1.503
1.441
2.574
1.602
1.837
1.558
1.539
1.941
1.768
1.621
1.804
1.843
1.832
2.022
1.723
1.776
1.929
1.873
2.021
1.804
1.541
1.668
1.696
2.009
1.568
1.873
1.697
1.048
1.695
1.48
1.258
1.933
1.834
1.427
1.587
1.41
0.967
1.866
1.778
1.932
1.802
2.023
1.802
1.981
1.979
1.716
1.807
1.556
1.28
1.848
1.824
1.397
1.583
1.425
1.045
1.77
1.783
1.9
1.766
2.035
1.764
1.965
1.978
1.632
1.774
1.511
1.271
1.932
1.824
1.411
1.56
1.423
1.748
1.887
1.438
1.831
1.811
1.714
2.041
1.693
1.775
1.929
1.795
2.027
1.794
1.541
1.693
1.816
1.956
1.631
1.826
1.569
1.144
1.802
1.48
1.545
2.584
1.722
1.734
1.668
1.211
1.138
2.4
1.778
1.939
1.871
2.019
1.809
1.98
1.96
1.771
1.85
1.556
1.521
2.146
1.661
1.644
1.598
1.247
1.178
2.077
1.783
1.919
1.861
2.027
1.777
1.97
1.943
1.706
1.838
1.511
1.56
2.444
1.687
1.711
1.56
1.555
1.925
1.757
1.588
1.831
1.843
1.821
2.02
1.718
1.775
1.937
1.871
2.022
1.802
1.539
1.72
1.69
2.008
1.567
1.895
1.661
1.035
1.691
1.473
1.657
1.893
1.864
1.466
1.758
1.385
0.995
1.868
1.778
1.933
1.802
2.021
1.802
1.981
1.979
1.715
1.806
1.551
1.527
1.821
1.831
1.4
1.678
1.395
1.065
1.756
1.78
1.918
1.765
2.034
1.764
1.975
1.969
1.624
1.773
1.503
1.638
1.89
1.846
1.431
1.558
1.531
1.734
1.887
1.437
1.804
1.863
1.711
2.039
1.692
1.776
1.931
1.794
2.025
1.794
1.539
1.68
1.824
1.954
1.636
1.82
1.574
1.146
1.816
1.446
1.398
2.677
1.57
1.829
1.495
1.217
1.118
2.532
1.778
1.945
1.872
2.021
1.81
1.985
1.965
1.773
1.851
1.539
1.438
2.138
1.613
1.675
1.522
1.25
1.177
2.105
1.786
1.922
1.866
2.028
1.778
1.972
1.951
1.708
1.842
1.479
1.43
2.482
1.572
1.782
1.554
1.518
1.921
1.745
1.599
1.841
1.84
1.83
2.019
1.72
1.776
1.942
1.873
2.024
1.803
1.62
2.583
1.965
2.456
2.682
2.626
1.802
2.345
2.285
1.429
2.884
1.186
2.508
2.397
2.986
1.596
1.797
1.779
1.971
2.222
1.924
2.222
2.35
2.249
2.008
2.251
2.135
1.533
2.771
1.522
2.452
2.523
2.826
1.602
1.991
2.037
1.996
2.353
1.937
2.331
2.478
2.382
2.033
2.355
2.199
1.463
2.852
1.28
2.491
2.434
1.57
2.672
1.805
2.434
2.619
1.99
2.497
1.953
2.45
2.621
1.977
2.255
1.932
2.25
2.381
1.62
2.565
1.97
2.439
2.674
2.607
1.79
2.335
2.29
1.429
2.871
1.198
2.487
2.402
2.965
1.587
1.796
1.802
1.971
2.22
1.926
2.221
2.347
2.248
2.007
2.25
2.136
1.533
2.747
1.539
2.426
2.523
2.799
1.59
1.986
2.043
1.996
2.35
1.944
2.328
2.473
2.378
2.031
2.353
2.203
1.463
2.833
1.303
2.468
2.438
1.57
2.649
1.807
2.411
2.614
1.99
2.485
1.966
2.439
2.612
1.977
2.254
1.936
2.248
2.379
1.62
2.565
1.968
2.44
2.672
2.607
1.793
2.335
2.289
1.429
2.869
1.205
2.489
2.408
2.964
1.589
1.794
1.801
1.971
2.22
1.926
2.221
2.349
2.248
2.007
2.251
2.136
1.533
2.749
1.533
2.429
2.522
2.8
1.594
1.983
2.042
1.996
2.35
1.942
2.328
2.475
2.378
2.032
2.354
2.201
1.463
2.832
1.305
2.47
2.442
1.57
2.651
1.802
2.413
2.611
1.99
2.484
1.97
2.439
2.614
1.977
2.253
1.934
2.248
2.38
1.619
2.579
1.969
2.453
2.68
2.625
1.797
2.343
2.282
1.434
2.567
1.102
2.35
2.367
2.664
1.554
1.797
1.726
1.97
2.223
1.918
2.222
2.349
2.251
2.006
2.253
2.129
1.534
2.678
1.558
2.401
2.511
2.727
1.588
1.99
2.034
1.996
2.357
1.933
2.331
2.477
2.385
2.03
2.357
2.194
1.466
2.621
1.26
2.373
2.411
1.57
2.644
1.835
2.42
2.615
1.99
2.502
1.949
2.449
2.62
1.977
2.257
1.926
2.25
2.381
1.619
2.586
1.944
2.462
2.682
2.633
1.808
2.352
2.262
1.434
2.931
1.145
2.387
2.503
2.985
1.498
1.858
1.866
1.97
2.222
1.903
2.222
2.348
2.25
2.009
2.252
2.118
1.534
2.798
1.488
2.424
2.564
2.834
1.572
2.018
2.028
1.996
2.355
1.893
2.332
2.474
2.384
2.036
2.357
2.169
1.466
2.932
1.216
2.402
2.517
1.57
2.678
1.788
2.437
2.632
1.99
2.5
1.92
2.452
2.617
1.977
2.256
1.906
2.25
2.379
1.62
0.812
0.725
0.404
0.775
0.695
-0.05
0.786
0.708
1.429
2.36
1.962
1.051
0.44
2.014
0.624
0.537
1.295
1.971
1.345
1.76
1.192
1.586
1.286
1.293
1.73
1.669
1.533
1.553
0.592
0.628
0.378
1.307
0.59
0.68
0.473
1.996
1.151
1.523
0.94
1.388
1.069
1.019
1.582
1.429
1.463
2.116
1.497
0.914
0.397
1.57
1.073
0.569
0.401
0.49
1.99
0.893
1.128
0.651
1.12
1.977
1.313
1.712
1.132
1.54
1.62
0.801
0.716
0.391
0.761
0.68
-0.057
0.777
0.698
1.429
2.347
1.96
1.035
0.439
1.993
0.621
0.536
1.29
1.971
1.347
1.76
1.191
1.584
1.285
1.293
1.728
1.668
1.533
1.537
0.595
0.612
0.373
1.286
0.587
0.676
0.475
1.996
1.149
1.52
0.937
1.384
1.065
1.018
1.58
1.426
1.463
2.101
1.491
0.897
0.396
1.57
1.059
0.566
0.387
0.48
1.99
0.885
1.121
0.642
1.111
1.977
1.312
1.711
1.13
1.538
1.62
0.805
0.715
0.393
0.761
0.684
-0.057
0.776
0.698
1.429
2.355
1.957
1.042
0.439
2.005
0.622
0.536
1.286
1.971
1.346
1.76
1.192
1.585
1.285
1.293
1.729
1.669
1.533
1.545
0.596
0.618
0.372
1.296
0.588
0.676
0.475
1.996
1.149
1.521
0.937
1.386
1.066
1.018
1.581
1.428
1.463
2.11
1.489
0.904
0.395
1.57
1.066
0.563
0.391
0.479
1.99
0.887
1.121
0.644
1.112
1.977
1.312
1.712
1.131
1.539
1.619
0.808
0.733
0.401
0.772
0.69
-0.056
0.775
0.709
1.434
2.277
1.887
0.977
0.443
1.936
0.591
0.535
1.272
1.97
1.346
1.767
1.193
1.584
1.286
1.293
1.732
1.671
1.534
1.545
0.613
0.605
0.374
1.288
0.587
0.678
0.469
1.996
1.15
1.54
0.94
1.387
1.067
1.019
1.578
1.435
1.466
2.068
1.48
0.86
0.397
1.57
1.071
0.582
0.393
0.486
1.99
0.889
1.142
0.649
1.118
1.977
1.313
1.721
1.132
1.538
1.619
0.825
0.728
0.407
0.777
0.703
-0.053
0.794
0.708
1.434
2.687
1.987
1.088
0.442
2.204
0.552
0.625
1.319
1.97
1.347
1.767
1.193
1.584
1.286
1.293
1.723
1.672
1.534
1.637
0.626
0.64
0.381
1.367
0.571
0.709
0.486
1.996
1.154
1.531
0.941
1.388
1.071
1.019
1.583
1.431
1.466
2.327
1.526
0.942
0.4
1.57
1.106
0.582
0.406
0.492
1.99
0.9
1.128
0.653
1.121
1.977
1.313
1.721
1.132
1.539
1.62
2.123
3.026
3.15
2.936
2.574
2.716
2.22
3.086
1.429
1.877
3.152
3.068
2.781
2.398
2.185
1.8
3.244
1.971
1.925
2.474
2.55
2.469
2.222
2.384
2.202
2.494
1.533
1.932
3.106
3.166
2.874
2.495
2.4
1.899
3.218
1.996
1.989
2.683
2.745
2.66
2.338
2.54
2.308
2.705
1.463
1.864
3.121
3.104
2.811
1.57
2.04
3.096
3.194
2.927
1.99
2.075
2.887
2.968
2.846
1.977
1.941
2.527
2.597
2.517
1.62
2.145
3.02
3.152
2.931
2.594
2.713
2.218
3.08
1.429
1.882
3.146
3.081
2.774
2.409
2.185
1.798
3.236
1.971
1.922
2.474
2.55
2.468
2.221
2.384
2.202
2.493
1.533
1.945
3.099
3.175
2.867
2.51
2.398
1.897
3.209
1.996
1.991
2.681
2.745
2.658
2.339
2.54
2.307
2.704
1.463
1.875
3.114
3.116
2.804
1.57
2.054
3.089
3.2
2.92
1.99
2.097
2.882
2.968
2.843
1.977
1.941
2.526
2.597
2.516
1.62
2.132
3.021
3.151
2.931
2.579
2.713
2.217
3.081
1.429
1.893
3.147
3.069
2.773
2.41
2.185
1.796
3.236
1.971
1.922
2.474
2.549
2.468
2.224
2.383
2.202
2.493
1.533
1.944
3.098
3.168
2.865
2.503
2.399
1.895
3.208
1.996
1.986
2.681
2.745
2.658
2.339
2.54
2.307
2.704
1.463
1.88
3.114
3.105
2.803
1.57
2.049
3.088
3.196
2.919
1.99
2.076
2.883
2.968
2.843
1.977
1.938
2.526
2.597
2.516
1.619
2.097
3.027
3.144
2.938
2.55
2.718
2.223
3.086
1.434
2.063
3.123
3.119
2.637
2.501
2.21
1.754
3.146
1.97
1.9
2.473
2.548
2.469
2.207
2.384
2.203
2.493
1.534
1.913
3.104
3.182
2.846
2.489
2.41
1.884
3.2
1.996
1.946
2.681
2.741
2.66
2.313
2.54
2.309
2.705
1.466
1.971
3.102
3.144
2.714
1.57
1.999
3.097
3.193
2.925
1.99
2.049
2.886
2.963
2.847
1.977
1.913
2.525
2.595
2.517
1.619
2.134
3.024
3.15
2.936
2.576
2.713
2.219
3.086
1.434
1.689
2.928
3.033
2.676
2.321
2.174
1.793
3.034
1.97
1.922
2.471
2.55
2.469
2.221
2.384
2.202
2.493
1.534
1.955
3.076
3.156
2.852
2.499
2.394
1.897
3.175
1.996
1.987
2.678
2.745
2.66
2.338
2.541
2.308
2.705
1.466
1.778
2.987
3.079
2.74
1.57
2.076
3.094
3.192
2.923
1.99
2.073
2.882
2.968
2.846
1.977
1.939
2.523
2.597
2.517
1.62
2.123
3.026
3.15
2.936
2.574
2.716
2.22
3.086
1.429
1.877
3.152
3.068
2.781
2.398
2.185
1.8
3.244
1.971
1.925
2.474
2.55
2.469
2.222
2.384
2.202
2.494
1.533
1.932
3.106
3.166
2.874
2.495
2.4
1.899
3.218
1.996
1.989
2.683
2.745
2.66
2.338
2.54
2.308
2.705
1.463
1.864
3.121
3.104
2.811
1.57
2.04
3.096
3.194
2.927
1.99
2.075
2.887
2.968
2.846
1.978
1.941
2.527
2.597
2.517
1.62
2.132
3.021
3.151
2.931
2.579
2.713
2.217
3.081
1.429
1.893
3.147
3.069
2.773
2.41
2.185
1.796
3.236
1.971
1.922
2.474
2.549
2.468
2.224
2.383
2.202
2.493
1.533
1.944
3.098
3.168
2.865
2.503
2.399
1.895
3.208
1.996
1.986
2.681
2.745
2.658
2.339
2.54
2.307
2.704
1.463
1.88
3.114
3.105
2.803
1.57
2.049
3.088
3.196
2.919
1.99
2.076
2.883
2.968
2.843
1.977
1.938
2.526
2.597
2.516
1.62
2.145
3.02
3.152
2.931
2.594
2.713
2.218
3.08
1.429
1.882
3.146
3.081
2.774
2.409
2.185
1.798
3.236
1.971
1.922
2.474
2.55
2.468
2.221
2.384
2.202
2.493
1.533
1.945
3.099
3.175
2.867
2.51
2.398
1.897
3.209
1.996
1.991
2.681
2.745
2.658
2.339
2.54
2.307
2.704
1.463
1.875
3.114
3.116
2.804
1.57
2.054
3.089
3.2
2.92
1.99
2.097
2.882
2.968
2.843
1.977
1.941
2.526
2.597
2.516
1.619
2.134
3.024
3.15
2.936
2.576
2.713
2.219
3.086
1.434
1.689
2.928
3.033
2.676
2.321
2.174
1.793
3.034
1.97
1.922
2.471
2.55
2.469
2.221
2.384
2.202
2.493
1.534
1.955
3.076
3.156
2.852
2.499
2.394
1.897
3.175
1.996
1.987
2.678
2.745
2.66
2.338
2.541
2.308
2.705
1.466
1.778
2.987
3.079
2.74
1.57
2.076
3.094
3.192
2.923
1.99
2.073
2.882
2.968
2.846
1.977
1.939
2.523
2.597
2.517
1.619
2.097
3.027
3.144
2.938
2.55
2.718
2.223
3.086
1.434
2.063
3.123
3.119
2.637
2.501
2.21
1.754
3.146
1.97
1.9
2.473
2.548
2.469
2.207
2.384
2.203
2.493
1.534
1.913
3.104
3.182
2.846
2.489
2.41
1.884
3.2
1.996
1.946
2.681
2.741
2.66
2.313
2.54
2.309
2.705
1.466
1.971
3.102
3.144
2.714
1.57
1.999
3.097
3.193
2.925
1.99
2.049
2.886
2.963
2.847
1.977
1.914
2.525
2.595
2.517
1.62
0.812
0.725
0.404
0.775
0.695
-0.05
0.786
0.708
1.429
2.36
1.962
1.051
0.44
2.014
0.624
0.537
1.295
1.971
1.345
1.76
1.192
1.586
1.286
1.293
1.73
1.669
1.533
1.553
0.592
0.628
0.378
1.307
0.59
0.68
0.473
1.996
1.151
1.523
0.94
1.388
1.069
1.019
1.582
1.429
1.463
2.116
1.497
0.914
0.397
1.57
1.073
0.569
0.401
0.49
1.99
0.893
1.128
0.651
1.12
1.977
1.313
1.712
1.132
1.54
1.62
0.805
0.715
0.393
0.761
0.684
-0.057
0.776
0.698
1.429
2.355
1.957
1.042
0.439
2.005
0.622
0.536
1.286
1.971
1.346
1.76
1.192
1.585
1.285
1.293
1.729
1.669
1.533
1.545
0.596
0.618
0.372
1.296
0.588
0.676
0.475
1.996
1.149
1.521
0.937
1.386
1.066
1.018
1.581
1.428
1.463
2.11
1.489
0.904
0.395
1.57
1.066
0.563
0.391
0.479
1.99
0.887
1.121
0.644
1.112
1.977
1.312
1.712
1.131
1.539
1.62
0.801
0.716
0.391
0.761
0.68
-0.057
0.777
0.698
1.429
2.347
1.96
1.035
0.439
1.993
0.621
0.536
1.29
1.971
1.347
1.76
1.191
1.584
1.285
1.293
1.728
1.668
1.533
1.537
0.595
0.612
0.373
1.286
0.587
0.676
0.475
1.996
1.149
1.52
0.937
1.384
1.065
1.018
1.58
1.426
1.463
2.101
1.491
0.897
0.396
1.57
1.059
0.566
0.387
0.48
1.99
0.885
1.121
0.642
1.111
1.977
1.312
1.711
1.13
1.538
1.619
0.825
0.728
0.407
0.777
0.703
-0.053
0.794
0.708
1.434
2.687
1.987
1.088
0.442
2.204
0.552
0.625
1.319
1.97
1.347
1.767
1.193
1.584
1.286
1.293
1.723
1.672
1.534
1.637
0.626
0.64
0.381
1.367
0.571
0.709
0.486
1.996
1.154
1.531
0.941
1.388
1.071
1.019
1.583
1.431
1.466
2.327
1.526
0.942
0.4
1.57
1.106
0.582
0.406
0.492
1.99
0.9
1.128
0.653
1.121
1.977
1.313
1.721
1.132
1.539
1.619
0.808
0.733
0.401
0.772
0.69
-0.056
0.775
0.709
1.434
2.277
1.887
0.977
0.443
1.936
0.591
0.535
1.272
1.97
1.346
1.767
1.193
1.584
1.286
1.293
1.732
1.671
1.534
1.545
0.613
0.605
0.374
1.288
0.587
0.678
0.469
1.996
1.15
1.54
0.94
1.387
1.067
1.019
1.578
1.435
1.466
2.068
1.48
0.86
0.397
1.57
1.071
0.582
0.393
0.486
1.99
0.889
1.142
0.649
1.118
1.977
1.313
1.721
1.132
1.538
1.62
2.583
1.965
2.456
2.682
2.626
1.802
2.345
2.285
1.429
2.884
1.186
2.508
2.397
2.986
1.596
1.797
1.779
1.971
2.222
1.924
2.222
2.35
2.249
2.008
2.251
2.135
1.533
2.771
1.522
2.452
2.523
2.826
1.602
1.991
2.037
1.996
2.353
1.937
2.331
2.478
2.382
2.033
2.355
2.199
1.463
2.852
1.28
2.491
2.434
1.57
2.672
1.805
2.434
2.619
1.99
2.497
1.953
2.45
2.621
1.977
2.255
1.932
2.25
2.381
1.62
2.565
1.968
2.44
2.672
2.607
1.793
2.335
2.289
1.429
2.869
1.205
2.489
2.408
2.964
1.589
1.794
1.801
1.971
2.22
1.926
2.221
2.349
2.248
2.007
2.251
2.136
1.533
2.749
1.533
2.429
2.522
2.8
1.594
1.983
2.042
1.996
2.35
1.942
2.328
2.475
2.378
2.032
2.354
2.201
1.463
2.832
1.305
2.47
2.442
1.57
2.651
1.802
2.413
2.611
1.99
2.484
1.97
2.439
2.614
1.977
2.253
1.934
2.248
2.38
1.62
2.565
1.97
2.439
2.674
2.607
1.79
2.335
2.29
1.429
2.871
1.198
2.487
2.402
2.965
1.587
1.796
1.802
1.971
2.22
1.926
2.221
2.347
2.248
2.007
2.25
2.136
1.533
2.747
1.539
2.426
2.523
2.799
1.59
1.986
2.043
1.996
2.35
1.944
2.328
2.473
2.378
2.031
2.353
2.203
1.463
2.833
1.303
2.468
2.438
1.57
2.649
1.807
2.411
2.614
1.99
2.485
1.966
2.439
2.612
1.977
2.254
1.936
2.248
2.379
1.619
2.586
1.944
2.462
2.682
2.633
1.808
2.352
2.262
1.434
2.931
1.145
2.387
2.503
2.985
1.498
1.858
1.866
1.97
2.222
1.903
2.222
2.348
2.25
2.009
2.252
2.118
1.534
2.798
1.488
2.424
2.564
2.834
1.572
2.018
2.028
1.996
2.355
1.893
2.332
2.474
2.384
2.036
2.357
2.169
1.466
2.932
1.216
2.402
2.517
1.57
2.678
1.788
2.437
2.632
1.99
2.5
1.92
2.452
2.617
1.977
2.256
1.906
2.25
2.379
1.619
2.579
1.969
2.453
2.68
2.625
1.797
2.343
2.282
1.434
2.567
1.102
2.35
2.367
2.664
1.554
1.797
1.726
1.97
2.223
1.918
2.222
2.349
2.251
2.006
2.253
2.129
1.534
2.678
1.558
2.401
2.511
2.727
1.588
1.99
2.034
1.996
2.357
1.933
2.331
2.477
2.385
2.03
2.357
2.194
1.466
2.621
1.26
2.373
2.411
1.57
2.644
1.835
2.42
2.615
1.99
2.502
1.949
2.449
2.62
1.977
2.257
1.926
2.25
2.381
1.62
3.124
2.147
3.032
3.241
3.181
2.303
2.789
2.625
1.429
3.159
2.029
2.789
3.212
3.248
1.83
2.265
2.543
1.971
2.526
1.929
2.516
2.587
2.543
2.239
2.41
2.239
1.533
3.174
2.026
2.946
3.3
3.289
1.955
2.483
2.599
1.996
2.748
1.997
2.722
2.793
2.768
2.36
2.576
2.364
1.463
3.146
2.007
2.84
3.247
1.57
3.19
2.087
3.023
3.309
1.99
2.967
2.094
2.923
3.033
1.977
2.582
1.947
2.568
2.637
1.62
2.899
2.088
2.807
3.026
2.959
2.107
2.616
2.5
1.429
3.108
1.663
2.731
2.879
3.196
1.752
2.078
2.223
1.971
2.405
1.918
2.403
2.497
2.428
2.151
2.348
2.197
1.533
3.016
1.82
2.767
2.988
3.115
1.822
2.287
2.364
1.996
2.592
1.971
2.572
2.676
2.619
2.235
2.491
2.301
1.463
3.066
1.698
2.744
2.916
1.57
2.973
1.977
2.795
3.038
1.99
2.78
2.044
2.743
2.878
1.977
2.452
1.934
2.445
2.541
1.62
2.163
1.733
1.99
2.221
2.193
1.302
1.994
1.957
1.429
2.629
1.002
2.137
1.743
2.644
1.327
1.446
1.365
1.971
1.995
1.943
1.971
2.152
2.01
1.816
2.122
2.05
1.533
2.389
1.192
2.003
1.928
2.404
1.272
1.618
1.542
1.996
2.051
1.906
1.993
2.204
2.06
1.762
2.168
2.05
1.463
2.553
1.064
2.097
1.795
1.57
2.247
1.451
1.948
2.078
1.99
2.091
1.802
2.001
2.257
1.977
2.011
1.941
1.978
2.165
1.62
1.53
1.274
1.239
1.584
1.486
0.703
1.452
1.394
1.429
2.461
1.261
1.605
1.06
2.324
0.973
0.96
0.96
1.971
1.709
1.906
1.634
1.906
1.693
1.58
1.96
1.9
1.533
1.983
0.908
1.342
1.144
1.87
0.9
1.12
1.013
1.996
1.66
1.788
1.54
1.851
1.634
1.428
1.924
1.8
1.463
2.324
0.905
1.521
1.071
1.57
1.688
1.038
1.209
1.315
1.99
1.558
1.553
1.407
1.76
1.977
1.7
1.885
1.613
1.894
1.62
0.401
0.415
0.332
-0.137
0.316
0.429
0.023
0.26
1.429
2.171
2.293
0.431
0.755
1.596
0.457
0.494
1.829
1.971
1.643
1.503
1.38
1.155
1.513
1.556
1.389
1.334
1.533
0.946
1.282
-0.013
0.246
0.603
0.549
0.519
0.983
1.996
1.335
1.115
1.098
0.771
1.195
1.36
1.131
0.924
1.463
1.776
1.976
0.232
0.588
1.57
0.283
0.716
0.068
-0.03
1.99
0.846
0.516
0.726
0.061
1.977
1.578
1.422
1.314
1.067
1.62
1.017
1.182
1.188
0.831
1.064
1.127
0.363
1.098
1.429
1.651
2.407
0.748
1.332
0.9
0.731
0.794
2.174
1.971
1.849
1.54
1.759
1.428
1.796
1.86
1.443
1.498
1.533
0.762
1.78
0.759
0.992
0.747
0.881
0.728
1.597
1.996
1.674
1.418
1.637
1.263
1.63
1.77
1.235
1.369
1.463
1.126
2.225
0.732
1.222
1.57
0.815
1.392
0.904
0.812
1.99
1.364
1.24
1.461
1.057
1.977
1.816
1.513
1.731
1.388
1.62
1.868
2.398
2.465
2.237
2.137
2.178
1.566
2.421
1.429
1.078
2.75
2.118
2.341
1.557
1.629
1.488
2.821
1.971
1.936
2.112
2.257
2.106
2.098
2.19
1.917
2.137
1.533
1.349
2.598
2.246
2.243
1.81
1.812
1.451
2.64
1.996
1.926
2.209
2.351
2.175
2.134
2.268
1.905
2.231
1.463
1.151
2.696
2.153
2.31
1.57
1.651
2.493
2.362
2.205
1.99
1.887
2.308
2.456
2.243
1.977
1.94
2.137
2.28
2.124
1.62
2.035
2.75
2.869
2.647
2.404
2.492
1.967
2.805
1.429
1.37
3.017
2.653
2.639
2.027
1.948
1.684
3.108
1.971
1.917
2.319
2.43
2.32
2.167
2.304
2.086
2.346
1.533
1.698
2.904
2.772
2.627
2.21
2.15
1.722
2.984
1.996
1.951
2.482
2.587
2.463
2.255
2.429
2.143
2.511
1.463
1.473
2.981
2.691
2.636
1.57
1.9
2.831
2.846
2.631
1.99
2.003
2.653
2.762
2.615
1.977
1.93
2.361
2.468
2.356
1.62
2.158
3.183
3.297
3.09
2.654
2.834
2.353
3.239
1.429
2.136
3.128
3.305
2.765
2.641
2.315
1.847
3.205
1.971
1.926
2.556
2.609
2.545
2.247
2.426
2.261
2.572
1.533
2.092
3.215
3.384
2.987
2.668
2.534
1.988
3.329
1.996
1.999
2.787
2.824
2.759
2.378
2.598
2.392
2.806
1.463
2.105
3.143
3.339
2.841
1.57
2.117
3.249
3.381
3.081
1.99
2.1
3.014
3.073
2.969
1.977
1.944
2.614
2.661
2.599
1.62
2.158
3.183
3.297
3.09
2.654
2.834
2.353
3.239
1.429
2.136
3.128
3.305
2.765
2.641
2.315
1.847
3.205
1.971
1.926
2.556
2.609
2.545
2.247
2.426
2.261
2.572
1.533
2.092
3.215
3.384
2.987
2.668
2.534
1.988
3.329
1.996
1.999
2.787
2.824
2.759
2.378
2.598
2.392
2.806
1.463
2.105
3.143
3.339
2.841
1.57
2.117
3.249
3.381
3.081
1.99
2.1
3.014
3.073
2.969
1.977
1.944
2.614
2.661
2.599
1.62
2.035
2.75
2.869
2.647
2.404
2.492
1.967
2.805
1.429
1.37
3.017
2.653
2.639
2.027
1.948
1.684
3.108
1.971
1.917
2.319
2.43
2.32
2.167
2.304
2.086
2.346
1.533
1.698
2.904
2.772
2.627
2.21
2.15
1.722
2.984
1.996
1.951
2.482
2.587
2.463
2.255
2.429
2.143
2.511
1.463
1.473
2.981
2.691
2.636
1.57
1.9
2.831
2.846
2.631
1.99
2.003
2.653
2.762
2.615
1.977
1.93
2.361
2.468
2.356
1.62
1.868
2.398
2.465
2.237
2.137
2.178
1.566
2.421
1.429
1.078
2.75
2.118
2.341
1.557
1.629
1.488
2.821
1.971
1.936
2.112
2.257
2.106
2.098
2.19
1.917
2.137
1.533
1.349
2.598
2.246
2.243
1.81
1.812
1.451
2.64
1.996
1.926
2.209
2.351
2.175
2.134
2.268
1.905
2.231
1.463
1.151
2.696
2.153
2.31
1.57
1.651
2.493
2.362
2.205
1.99
1.887
2.308
2.456
2.243
1.977
1.94
2.137
2.28
2.124
1.62
1.017
1.182
1.188
0.831
1.064
1.127
0.363
1.098
1.429
1.651
2.407
0.748
1.332
0.9
0.731
0.794
2.174
1.971
1.849
1.54
1.759
1.428
1.796
1.86
1.443
1.498
1.533
0.762
1.78
0.759
0.992
0.747
0.881
0.728
1.597
1.996
1.674
1.418
1.637
1.263
1.63
1.77
1.235
1.369
1.463
1.126
2.225
0.732
1.222
1.57
0.815
1.392
0.904
0.812
1.99
1.364
1.24
1.461
1.057
1.977
1.816
1.513
1.731
1.388
1.62
0.401
0.415
0.332
-0.137
0.316
0.429
0.023
0.26
1.429
2.171
2.293
0.431
0.755
1.596
0.457
0.494
1.829
1.971
1.643
1.503
1.38
1.155
1.513
1.556
1.389
1.334
1.533
0.946
1.282
-0.013
0.246
0.603
0.549
0.519
0.983
1.996
1.335
1.115
1.098
0.771
1.195
1.36
1.131
0.924
1.463
1.776
1.976
0.232
0.588
1.57
0.283
0.716
0.068
-0.03
1.99
0.846
0.516
0.726
0.061
1.977
1.578
1.422
1.314
1.067
1.62
1.53
1.274
1.239
1.584
1.486
0.703
1.452
1.394
1.429
2.461
1.261
1.605
1.06
2.324
0.973
0.96
0.96
1.971
1.709
1.906
1.634
1.906
1.693
1.58
1.96
1.9
1.533
1.983
0.908
1.342
1.144
1.87
0.9
1.12
1.013
1.996
1.66
1.788
1.54
1.851
1.634
1.428
1.924
1.8
1.463
2.324
0.905
1.521
1.071
1.57
1.688
1.038
1.209
1.315
1.99
1.558
1.553
1.407
1.76
1.977
1.7
1.885
1.613
1.894
1.62
2.163
1.733
1.99
2.221
2.193
1.302
1.994
1.957
1.429
2.629
1.002
2.137
1.743
2.644
1.327
1.446
1.365
1.971
1.995
1.943
1.971
2.152
2.01
1.816
2.122
2.05
1.533
2.389
1.192
2.003
1.928
2.404
1.272
1.618
1.542
1.996
2.051
1.906
1.993
2.204
2.06
1.762
2.168
2.05
1.463
2.553
1.064
2.097
1.795
1.57
2.247
1.451
1.948
2.078
1.99
2.091
1.802
2.001
2.257
1.977
2.011
1.941
1.978
2.165
1.62
2.899
2.088
2.807
3.026
2.959
2.107
2.616
2.5
1.429
3.108
1.663
2.731
2.879
3.196
1.752
2.078
2.223
1.971
2.405
1.918
2.403
2.497
2.428
2.151
2.348
2.197
1.533
3.016
1.82
2.767
2.988
3.115
1.822
2.287
2.364
1.996
2.592
1.971
2.572
2.676
2.619
2.235
2.491
2.301
1.463
3.066
1.698
2.744
2.916
1.57
2.973
1.977
2.795
3.038
1.99
2.78
2.044
2.743
2.878
1.977
2.452
1.934
2.445
2.541
1.62
3.124
2.147
3.032
3.241
3.181
2.303
2.789
2.625
1.429
3.159
2.029
2.789
3.212
3.248
1.83
2.265
2.543
1.971
2.526
1.929
2.516
2.587
2.543
2.239
2.41
2.239
1.533
3.174
2.026
2.946
3.3
3.289
1.955
2.483
2.599
1.996
2.748
1.997
2.722
2.793
2.768
2.36
2.576
2.364
1.463
3.146
2.007
2.84
3.247
1.57
3.19
2.087
3.023
3.309
1.99
2.967
2.094
2.923
3.033
1.977
2.582
1.947
2.568
2.637
