-0.002714152624195
0.001899819057476
-0.000423596445762
0.002336999028237
-0.002010207659954
-0.004278593393322
-0.002646094961478
0.000148330089657
-0.011428092214850
-0.002204246151025
-0.003349520175318
-0.002359445162225
-0.004291311792253
0.000826939470017
-0.017436707343102
0.014522584990886
0.014327720352836
-0.001062834530819
0.020868139839573
0.000395666879855
-0.001544471815774
0.005806077608690
-0.003096345322764
-0.019374379933660
0.001105524005148
-0.016765271308631
0.017096845935134
0.000272475292700
-0.006940319701152
0.008510038759274
