0.004601019284926
-0.004937733286330
-0.004139424424920
0.000596251248248
-0.002049348996891
-0.000370779574994
-0.010898144114238
-0.008651829432409
-0.001903033489399
0.000050825000436
0.004010970861780
-0.006274766863546
0.020506455125736
-0.008260576554650
0.003214081033735
-0.009779447618583
0.009703908231897
-0.002773442200146
-0.017218637472390
0.011473348061167
0.010633468518555
-0.027721948770826
-0.025335720735794
0.025502056759008
0.013707001987544
-0.031618088732242
-0.004920751610614
0.014185392021498
0.000470066583199
0.038042668514748
